0.004978
0.002431
-0.002706
0.065559
0.101735
0.061395
0.058668
0.072827
0.072062
0.057372
0.047745
0.054038
0.057102
0.053702
0.046736
0.039410
0.043081
0.045835
0.045759
0.042720
0.038362
0.033205
0.035772
0.037978
0.038835
0.037869
0.035354
0.032160
0.028760
0.030543
0.032181
0.033182
0.033161
0.032031
0.030073
0.027712
0.025396
0.026739
0.027979
0.028894
0.029227
0.028848
0.027769
0.026207
0.024343
0.022663
0.023713
0.024722
0.025536
0.025994
0.025981
0.025449
0.024446
0.023130
0.021614
0.020427
0.021258
0.022087
0.022798
0.023285
0.023457
0.023249
0.022660
0.021749
0.020634
0.019384
0.018597
0.019261
0.019945
0.020558
0.021028
0.021285
0.021270
0.020959
0.020366
0.019552
0.018599
0.017554
0.017049
0.017600
0.018182
0.018714
0.019155
0.019449
0.019546
0.019412
0.019043
0.018466
0.017734
0.016903
0.016004
0.015715
0.016177
0.016688
0.017163
0.017575
0.017883
0.018046
0.018028
0.017814
0.017415
0.016859
0.016190
0.015448
0.014669
0.014550
0.014938
0.015393
0.015823
0.016207
0.016517
0.016717
0.016776
0.016674
0.016409
0.015996
0.015465
0.014850
0.014181
0.013502
0.013525
0.013848
0.014255
0.014646
0.015005
0.015309
0.015532
0.015642
0.015621
0.015458
0.015158
0.014742
0.014238
0.013670
0.013067
0.012476
0.012620
0.012886
0.013250
0.013609
0.013946
0.014241
0.014474
0.014619
0.014656
0.014570
0.014362
0.014043
0.013632
0.013152
0.012628
0.012082
0.011567
0.011818
0.012036
0.012363
0.012691
0.013008
0.013294
0.013531
0.013698
0.013775
0.013750
0.013616
0.013377
0.013047
0.012644
0.012189
0.011705
0.011212
0.010761
0.011103
0.011279
0.011576
0.011876
0.012171
0.012447
0.012684
0.012866
0.012974
0.012994
0.012919
0.012746
0.012486
0.012151
0.011759
0.011331
0.010885
0.010435
0.010040
0.010463
0.010604
0.010873
0.011150
0.011425
0.011687
0.011923
0.012115
0.012247
0.012303
0.012274
0.012156
0.011953
0.011677
0.011343
0.010966
0.010565
0.010153
0.009742
0.009396
0.009889
0.009999
0.010245
0.010502
0.010760
0.011009
0.011239
0.011437
0.011587
0.011672
0.011682
0.011610
0.011457
0.011231
0.010947
0.010617
0.010257
0.009880
0.009497
0.009121
0.008816
0.009372
0.009453
0.009679
0.009919
0.010163
0.010403
0.010629
0.010828
0.010989
0.011097
0.011139
0.011106
0.010997
0.010817
0.010577
0.010288
0.009965
0.009620
0.009263
0.008907
0.008562
0.008295
0.008906
0.008961
0.009169
0.009393
0.009626
0.009859
0.010081
0.010282
0.010451
0.010574
0.010642
0.010643
0.010573
0.010435
0.010235
0.009985
0.009695
0.009378
0.009045
0.008707
0.008376
0.008059
0.007826
0.008492
0.008520
0.008712
0.008922
0.009144
0.009370
0.009590
0.009793
0.009968
0.010104
0.010190
0.010218
0.010183
0.010082
0.009921
0.009707
0.009449
0.009159
0.008848
0.008527
0.008208
0.007899
0.007608
0.007408
0.008137
0.008135
0.008308
0.008505
0.008717
0.008937
0.009154
0.009358
0.009539
0.009686
0.009788
0.009839
0.009832
0.009765
0.009639
0.009459
0.009232
0.008969
0.008679
0.008376
0.008068
0.007766
0.007478
0.007212
0.007046
0.007858
0.007820
0.007969
0.008150
0.008352
0.008564
0.008777
0.008982
0.009168
0.009325
0.009443
0.009513
0.009531
0.009493
0.009397
0.009248
0.009051
0.008814
0.008547
0.008260
0.007965
0.007670
0.007385
0.007119
0.006882
0.006752
0.007668
0.007593
0.007708
0.007867
0.008055
0.008259
0.008468
0.008673
0.008862
0.009028
0.009159
0.009249
0.009289
0.009276
0.009208
0.009087
0.008917
0.008705
0.008460
0.008191
0.007908
0.007620
0.007339
0.007071
0.006830
0.006628
0.006534
0.007562
0.007463
0.007534
0.007661
0.007830
0.008023
0.008226
0.008429
0.008621
0.008793
0.008936
0.009041
0.009102
0.009112
0.009070
0.008975
0.008831
0.008643
0.008419
0.008167
0.007897
0.007619
0.007340
0.007073
0.006827
0.006618
0.006456
0.006386
0.007508
0.007409
0.007440
0.007527
0.007665
0.007840
0.008033
0.008233
0.008425
0.008602
0.008753
0.008872
0.008950
0.008981
0.008962
0.008892
0.008773
0.008609
0.008407
0.008174
0.007919
0.007650
0.007377
0.007111
0.006862
0.006646
0.006473
0.006347
0.006282
0.007460
0.007386
0.007395
0.007443
0.007542
0.007687
0.007863
0.008053
0.008243
0.008422
0.008580
0.008708
0.008800
0.008849
0.008852
0.008806
0.008712
0.008573
0.008394
0.008181
0.007943
0.007687
0.007422
0.007160
0.006911
0.006690
0.006508
0.006369
0.006265
0.006188
0.007386
0.007346
0.007357
0.007383
0.007444
0.007552
0.007699
0.007873
0.008055
0.008233
0.008394
0.008530
0.008633
0.008698
0.008720
0.008697
0.008627
0.008512
0.008357
0.008166
0.007947
0.007706
0.007453
0.007198
0.006952
0.006730
0.006541
0.006392
0.006276
0.006177
0.006082
0.007293
0.007275
0.007303
0.007329
0.007369
0.007441
0.007554
0.007702
0.007869
0.008041
0.008203
0.008345
0.008459
0.008537
0.008576
0.008573
0.008525
0.008434
0.008302
0.008134
0.007935
0.007711
0.007471
0.007225
0.006985
0.006764
0.006571
0.006414
0.006286
0.006175
0.006071
0.005966
0.007204
0.007193
0.007234
0.007275
0.007316
0.007369
0.007451
0.007568
0.007713
0.007872
0.008031
0.008177
0.008299
0.008390
0.008444
0.008459
0.008431
0.008362
0.008253
0.008106
0.007926
0.007720
0.007494
0.007259
0.007026
0.006806
0.006611
0.006446
0.006308
0.006185
0.006069
0.005962
0.005860
0.007140
0.007128
0.007168
0.007222
0.007277
0.007332
0.007397
0.007487
0.007605
0.007745
0.007894
0.008038
0.008166
0.008267
0.008335
0.008366
0.008357
0.008308
0.008219
0.008093
0.007933
0.007744
0.007533
0.007310
0.007085
0.006869
0.006672
0.006501
0.006352
0.006218
0.006090
0.005970
0.005869
0.005776
0.007099
0.007089
0.007118
0.007173
0.007240
0.007308
0.007374
0.007449
0.007543
0.007659
0.007791
0.007927
0.008055
0.008163
0.008242
0.008288
0.008296
0.008266
0.008197
0.008090
0.007949
0.007778
0.007583
0.007373
0.007157
0.006947
0.006751
0.006575
0.006418
0.006273
0.006134
0.006003
0.005889
0.005801
0.005712
0.007068
0.007068
0.007087
0.007132
0.007199
0.007277
0.007354
0.007430
0.007511
0.007606
0.007718
0.007840
0.007961
0.008071
0.008158
0.008216
0.008240
0.008227
0.008176
0.008088
0.007966
0.007813
0.007635
0.007439
0.007234
0.007031
0.006837
0.006659
0.006496
0.006343
0.006194
0.006053
0.005926
0.005824
0.005748
0.005659
0.007044
0.007054
0.007069
0.007104
0.007162
0.007240
0.007327
0.007412
0.007493
0.007578
0.007673
0.007778
0.007888
0.007993
0.008084
0.008151
0.008188
0.008191
0.008157
0.008088
0.007984
0.007849
0.007687
0.007506
0.007313
0.007118
0.006929
0.006750
0.006583
0.006423
0.006267
0.006116
0.005979
0.005864
0.005773
0.005705
0.005614
0.007024
0.007045
0.007059
0.007089
0.007138
0.007208
0.007295
0.007389
0.007479
0.007565
0.007651
0.007742
0.007839
0.007936
0.008025
0.008097
0.008143
0.008160
0.008142
0.008090
0.008004
0.007886
0.007742
0.007575
0.007395
0.007210
0.007026
0.006848
0.006678
0.006513
0.006350
0.006192
0.006045
0.005918
0.005814
0.005731
0.005668
0.005576
0.007011
0.007041
0.007054
0.007083
0.007127
0.007188
0.007268
0.007363
0.007461
0.007555
0.007643
0.007727
0.007813
0.007900
0.007983
0.008055
0.008107
0.008134
0.008130
0.008094
0.008025
0.007925
0.007797
0.007646
0.007479
0.007304
0.007126
0.006952
0.006781
0.006613
0.006445
0.006280
0.006125
0.005987
0.005870
0.005774
0.005696
0.005637
0.005545
0.007004
0.007043
0.007055
0.007082
0.007125
0.007181
0.007253
0.007341
0.007441
0.007542
0.007637
0.007723
0.007805
0.007884
0.007959
0.008027
0.008081
0.008115
0.008122
0.008100
0.008047
0.007963
0.007851
0.007716
0.007563
0.007399
0.007229
0.007059
0.006890
0.006720
0.006548
0.006379
0.006217
0.006070
0.005941
0.005832
0.005740
0.005667
0.005614
0.005521
0.007001
0.007050
0.007060
0.007086
0.007127
0.007182
0.007249
0.007330
0.007424
0.007526
0.007628
0.007722
0.007806
0.007881
0.007951
0.008014
0.008067
0.008104
0.008119
0.008108
0.008069
0.008000
0.007904
0.007784
0.007646
0.007493
0.007333
0.007168
0.007002
0.006832
0.006659
0.006486
0.006319
0.006164
0.006026
0.005905
0.005800
0.005713
0.005645
0.005597
0.005502
0.007003
0.007060
0.007070
0.007094
0.007134
0.007188
0.007253
0.007329
0.007417
0.007514
0.007617
0.007718
0.007808
0.007887
0.007956
0.008015
0.008065
0.008102
0.008122
0.008119
0.008092
0.008037
0.007956
0.007851
0.007727
0.007586
0.007436
0.007279
0.007116
0.006948
0.006776
0.006601
0.006430
0.006269
0.006122
0.005991
0.005875
0.005774
0.005692
0.005629
0.005584
0.005489
0.007008
0.007074
0.007083
0.007107
0.007145
0.007198
0.007262
0.007336
0.007419
0.007511
0.007611
0.007712
0.007809
0.007894
0.007967
0.008026
0.008075
0.008111
0.008132
0.008136
0.008117
0.008074
0.008007
0.007916
0.007805
0.007677
0.007537
0.007388
0.007231
0.007067
0.006897
0.006722
0.006549
0.006383
0.006230
0.006089
0.005962
0.005850
0.005754
0.005676
0.005617
0.005576
0.005481
0.007016
0.007091
0.007099
0.007123
0.007160
0.007211
0.007274
0.007348
0.007429
0.007516
0.007611
0.007710
0.007808
0.007899
0.007978
0.008042
0.008092
0.008128
0.008151
0.008157
0.008145
0.008111
0.008056
0.007978
0.007880
0.007765
0.007636
0.007496
0.007346
0.007187
0.007019
0.006846
0.006673
0.006504
0.006345
0.006198
0.006062
0.005939
0.005831
0.005739
0.005665
0.005609
0.005573
0.005477
0.007027
0.007110
0.007118
0.007140
0.007177
0.007227
0.007289
0.007361
0.007442
0.007528
0.007618
0.007713
0.007809
0.007903
0.007987
0.008058
0.008112
0.008151
0.008175
0.008184
0.008176
0.008150
0.008104
0.008038
0.007952
0.007849
0.007731
0.007600
0.007458
0.007306
0.007143
0.006973
0.006800
0.006631
0.006468
0.006315
0.006171
0.006039
0.005919
0.005815
0.005728
0.005657
0.005605
0.005572
0.005476
0.007038
0.007128
0.007137
0.007159
0.007195
0.007245
0.007306
0.007377
0.007457
0.007542
0.007631
0.007723
0.007816
0.007908
0.007995
0.008071
0.008132
0.008176
0.008204
0.008216
0.008211
0.008191
0.008152
0.008095
0.008020
0.007929
0.007822
0.007701
0.007568
0.007422
0.007265
0.007100
0.006929
0.006760
0.006595
0.006438
0.006288
0.006148
0.006019
0.005904
0.005803
0.005719
0.005653
0.005604
0.005574
0.005478
0.007048
0.007146
0.007155
0.007178
0.007214
0.007263
0.007323
0.007394
0.007472
0.007558
0.007646
0.007737
0.007827
0.007916
0.008003
0.008083
0.008150
0.008200
0.008234
0.008250
0.008249
0.008233
0.008200
0.008151
0.008086
0.008004
0.007908
0.007797
0.007673
0.007535
0.007385
0.007225
0.007059
0.006891
0.006726
0.006566
0.006411
0.006265
0.006128
0.006002
0.005890
0.005794
0.005713
0.005650
0.005604
0.005576
0.005481
0.007057
0.007160
0.007172
0.007196
0.007232
0.007280
0.007340
0.007410
0.007488
0.007573
0.007662
0.007752
0.007842
0.007929
0.008014
0.008094
0.008164
0.008221
0.008261
0.008284
0.008288
0.008276
0.008249
0.008206
0.008149
0.008076
0.007989
0.007888
0.007773
0.007643
0.007501
0.007347
0.007186
0.007021
0.006857
0.006696
0.006539
0.006387
0.006243
0.006109
0.005987
0.005879
0.005785
0.005708
0.005648
0.005605
0.005579
0.005485
0.007062
0.007171
0.007185
0.007211
0.007248
0.007296
0.007356
0.007425
0.007503
0.007588
0.007677
0.007767
0.007857
0.007944
0.008028
0.008106
0.008178
0.008239
0.008286
0.008315
0.008326
0.008320
0.008297
0.008260
0.008209
0.008144
0.008066
0.007974
0.007867
0.007747
0.007613
0.007466
0.007311
0.007150
0.006988
0.006827
0.006669
0.006514
0.006364
0.006223
0.006092
0.005973
0.005868
0.005778
0.005704
0.005646
0.005604
0.005579
0.005488
0.007063
0.007175
0.007193
0.007222
0.007261
0.007310
0.007370
0.007440
0.007517
0.007602
0.007690
0.007781
0.007872
0.007960
0.008044
0.008121
0.008193
0.008256
0.008307
0.008343
0.008361
0.008361
0.008345
0.008313
0.008268
0.008209
0.008138
0.008054
0.007957
0.007845
0.007719
0.007580
0.007431
0.007276
0.007117
0.006958
0.006799
0.006642
0.006489
0.006342
0.006204
0.006076
0.005960
0.005858
0.005771
0.005699
0.005643
0.005602
0.005578
0.005490
0.007061
0.007175
0.007196
0.007228
0.007270
0.007321
0.007382
0.007452
0.007530
0.007614
0.007703
0.007794
0.007885
0.007975
0.008059
0.008138
0.008209
0.008273
0.008326
0.008367
0.008392
0.008399
0.008389
0.008364
0.008324
0.008271
0.008207
0.008130
0.008040
0.007937
0.007820
0.007689
0.007548
0.007398
0.007244
0.007087
0.006930
0.006772
0.006617
0.006465
0.006321
0.006185
0.006060
0.005947
0.005848
0.005763
0.005693
0.005638
0.005598
0.005574
0.005491
0.007056
0.007168
0.007193
0.007229
0.007274
0.007328
0.007391
0.007462
0.007540
0.007625
0.007714
0.007805
0.007897
0.007987
0.008074
0.008154
0.008226
0.008290
0.008345
0.008388
0.008418
0.008433
0.008430
0.008411
0.008377
0.008330
0.008272
0.008201
0.008119
0.008023
0.007914
0.007792
0.007658
0.007515
0.007366
0.007214
0.007058
0.006901
0.006745
0.006591
0.006442
0.006300
0.006167
0.006045
0.005935
0.005838
0.005754
0.005685
0.005631
0.005592
0.005568
0.005492
0.007048
0.007158
0.007186
0.007225
0.007274
0.007332
0.007397
0.007470
0.007550
0.007634
0.007723
0.007815
0.007907
0.007999
0.008086
0.008169
0.008243
0.008308
0.008364
0.008409
0.008443
0.008462
0.008466
0.008454
0.008427
0.008386
0.008333
0.008268
0.008192
0.008104
0.008003
0.007889
0.007763
0.007627
0.007484
0.007336
0.007184
0.007029
0.006873
0.006718
0.006566
0.006419
0.006280
0.006150
0.006030
0.005922
0.005826
0.005744
0.005676
0.005622
0.005584
0.005561
0.005494
0.007040
0.007144
0.007175
0.007217
0.007270
0.007331
0.007400
0.007476
0.007557
0.007643
0.007733
0.007825
0.007917
0.008009
0.008098
0.008181
0.008258
0.008325
0.008382
0.008429
0.008465
0.008489
0.008498
0.008493
0.008472
0.008437
0.008390
0.008331
0.008261
0.008179
0.008086
0.007979
0.007861
0.007733
0.007597
0.007454
0.007307
0.007155
0.007000
0.006845
0.006691
0.006542
0.006398
0.006261
0.006133
0.006015
0.005909
0.005814
0.005733
0.005665
0.005612
0.005575
0.005554
0.005496
0.007032
0.007129
0.007162
0.007207
0.007263
0.007328
0.007400
0.007479
0.007563
0.007651
0.007741
0.007834
0.007927
0.008019
0.008108
0.008193
0.008271
0.008341
0.008400
0.008449
0.008487
0.008513
0.008527
0.008527
0.008512
0.008484
0.008442
0.008389
0.008325
0.008249
0.008163
0.008064
0.007954
0.007833
0.007704
0.007567
0.007424
0.007277
0.007125
0.006971
0.006818
0.006666
0.006519
0.006377
0.006243
0.006117
0.006001
0.005895
0.005802
0.005721
0.005654
0.005602
0.005566
0.005547
0.005501
0.007026
0.007115
0.007149
0.007195
0.007254
0.007322
0.007398
0.007480
0.007567
0.007657
0.007750
0.007844
0.007937
0.008029
0.008119
0.008204
0.008283
0.008354
0.008416
0.008468
0.008508
0.008537
0.008554
0.008558
0.008549
0.008526
0.008490
0.008442
0.008384
0.008314
0.008234
0.008142
0.008040
0.007927
0.007804
0.007674
0.007537
0.007394
0.007247
0.007095
0.006943
0.006791
0.006642
0.006497
0.006358
0.006225
0.006101
0.005986
0.005882
0.005789
0.005709
0.005643
0.005592
0.005559
0.005543
0.005510
0.007023
0.007102
0.007136
0.007184
0.007244
0.007315
0.007394
0.007480
0.007570
0.007663
0.007758
0.007853
0.007948
0.008040
0.008130
0.008215
0.008295
0.008367
0.008431
0.008485
0.008527
0.008559
0.008578
0.008586
0.008581
0.008563
0.008533
0.008491
0.008438
0.008374
0.008300
0.008215
0.008119
0.008014
0.007898
0.007775
0.007644
0.007507
0.007364
0.007216
0.007066
0.006916
0.006767
0.006620
0.006477
0.006340
0.006209
0.006086
0.005972
0.005868
0.005776
0.005698
0.005633
0.005585
0.005554
0.005541
0.005522
0.007025
0.007093
0.007126
0.007174
0.007236
0.007308
0.007390
0.007478
0.007571
0.007667
0.007765
0.007862
0.007958
0.008052
0.008142
0.008227
0.008307
0.008380
0.008445
0.008500
0.008545
0.008579
0.008601
0.008611
0.008610
0.008597
0.008572
0.008535
0.008487
0.008428
0.008360
0.008281
0.008192
0.008094
0.007985
0.007869
0.007745
0.007614
0.007476
0.007333
0.007187
0.007039
0.006890
0.006743
0.006599
0.006458
0.006322
0.006193
0.006071
0.005958
0.005856
0.005765
0.005688
0.005626
0.005580
0.005553
0.005544
0.005540
0.007030
0.007087
0.007119
0.007167
0.007228
0.007302
0.007385
0.007476
0.007572
0.007671
0.007771
0.007870
0.007968
0.008063
0.008154
0.008239
0.008319
0.008392
0.008458
0.008514
0.008561
0.008596
0.008621
0.008634
0.008636
0.008627
0.008607
0.008575
0.008532
0.008478
0.008415
0.008342
0.008259
0.008167
0.008065
0.007955
0.007838
0.007713
0.007582
0.007444
0.007303
0.007158
0.007012
0.006866
0.006721
0.006578
0.006439
0.006305
0.006177
0.006056
0.005945
0.005843
0.005755
0.005680
0.005621
0.005579
0.005555
0.005552
0.005562
0.007040
0.007085
0.007116
0.007162
0.007223
0.007297
0.007381
0.007474
0.007572
0.007673
0.007775
0.007877
0.007977
0.008073
0.008165
0.008252
0.008332
0.008405
0.008470
0.008527
0.008574
0.008611
0.008638
0.008653
0.008658
0.008653
0.008637
0.008610
0.008572
0.008524
0.008466
0.008398
0.008320
0.008233
0.008138
0.008034
0.007923
0.007805
0.007680
0.007548
0.007412
0.007272
0.007130
0.006986
0.006842
0.006699
0.006558
0.006421
0.006288
0.006161
0.006042
0.005932
0.005833
0.005746
0.005675
0.005619
0.005582
0.005563
0.005564
0.005591
0.007055
0.007087
0.007117
0.007162
0.007222
0.007296
0.007380
0.007473
0.007572
0.007675
0.007779
0.007883
0.007985
0.008083
0.008176
0.008263
0.008343
0.008416
0.008481
0.008538
0.008586
0.008624
0.008652
0.008669
0.008676
0.008674
0.008662
0.008639
0.008607
0.008564
0.008511
0.008448
0.008375
0.008294
0.008203
0.008105
0.008000
0.007888
0.007769
0.007644
0.007514
0.007379
0.007241
0.007101
0.006959
0.006818
0.006677
0.006538
0.006402
0.006271
0.006146
0.006028
0.005921
0.005824
0.005741
0.005673
0.005622
0.005589
0.005576
0.005582
0.005626
0.007077
0.007096
0.007124
0.007168
0.007226
0.007298
0.007382
0.007474
0.007574
0.007678
0.007783
0.007888
0.007991
0.008090
0.008184
0.008272
0.008353
0.008426
0.008491
0.008547
0.008595
0.008633
0.008662
0.008681
0.008690
0.008690
0.008681
0.008663
0.008635
0.008597
0.008550
0.008492
0.008424
0.008347
0.008262
0.008169
0.008069
0.007962
0.007850
0.007731
0.007607
0.007478
0.007345
0.007209
0.007071
0.006932
0.006792
0.006653
0.006517
0.006383
0.006254
0.006131
0.006016
0.005912
0.005819
0.005740
0.005676
0.005631
0.005603
0.005595
0.005607
0.005668
0.007104
0.007110
0.007136
0.007178
0.007235
0.007305
0.007387
0.007479
0.007578
0.007682
0.007788
0.007894
0.007997
0.008097
0.008192
0.008280
0.008361
0.008434
0.008499
0.008555
0.008602
0.008641
0.008670
0.008690
0.008700
0.008702
0.008695
0.008680
0.008656
0.008624
0.008581
0.008528
0.008466
0.008394
0.008313
0.008224
0.008129
0.008028
0.007921
0.007809
0.007691
0.007568
0.007441
0.007310
0.007177
0.007041
0.006904
0.006767
0.006630
0.006495
0.006364
0.006237
0.006117
0.006006
0.005905
0.005817
0.005743
0.005685
0.005644
0.005622
0.005620
0.005639
0.005717
0.007137
0.007129
0.007154
0.007194
0.007249
0.007318
0.007398
0.007488
0.007586
0.007689
0.007795
0.007901
0.008005
0.008105
0.008200
0.008289
0.008370
0.008443
0.008507
0.008562
0.008609
0.008646
0.008675
0.008695
0.008706
0.008709
0.008703
0.008691
0.008670
0.008641
0.008604
0.008556
0.008499
0.008432
0.008356
0.008272
0.008181
0.008085
0.007983
0.007877
0.007765
0.007649
0.007528
0.007403
0.007275
0.007144
0.007011
0.006876
0.006741
0.006607
0.006475
0.006347
0.006223
0.006107
0.005999
0.005903
0.005819
0.005751
0.005698
0.005664
0.005648
0.005653
0.005677
0.005774
0.007181
0.007156
0.007180
0.007219
0.007272
0.007339
0.007418
0.007506
0.007602
0.007704
0.007808
0.007913
0.008017
0.008116
0.008211
0.008299
0.008379
0.008451
0.008515
0.008569
0.008614
0.008650
0.008678
0.008697
0.008708
0.008711
0.008706
0.008695
0.008676
0.008651
0.008617
0.008574
0.008522
0.008460
0.008389
0.008310
0.008223
0.008132
0.008035
0.007935
0.007829
0.007719
0.007605
0.007486
0.007364
0.007239
0.007111
0.006981
0.006849
0.006717
0.006586
0.006457
0.006333
0.006213
0.006101
0.005999
0.005907
0.005829
0.005767
0.005720
0.005692
0.005683
0.005693
0.005724
0.005842
0.007247
0.007201
0.007219
0.007257
0.007308
0.007373
0.007449
0.007535
0.007629
0.007728
0.007830
0.007933
0.008034
0.008132
0.008225
0.008312
0.008391
0.008461
0.008523
0.008576
0.008619
0.008654
0.008680
0.008697
0.008707
0.008709
0.008704
0.008693
0.008675
0.008652
0.008621
0.008582
0.008535
0.008478
0.008412
0.008337
0.008256
0.008169
0.008077
0.007982
0.007882
0.007779
0.007671
0.007559
0.007444
0.007325
0.007203
0.007078
0.006951
0.006823
0.006695
0.006568
0.006444
0.006323
0.006209
0.006102
0.006005
0.005920
0.005849
0.005793
0.005753
0.005732
0.005730
0.005747
0.005788
0.005930
0.007338
0.007272
0.007277
0.007308
0.007359
0.007420
0.007493
0.007576
0.007666
0.007761
0.007859
0.007959
0.008057
0.008152
0.008243
0.008327
0.008404
0.008472
0.008531
0.008582
0.008623
0.008655
0.008679
0.008694
0.008702
0.008703
0.008697
0.008685
0.008668
0.008645
0.008616
0.008580
0.008537
0.008485
0.008424
0.008354
0.008278
0.008195
0.008108
0.008018
0.007924
0.007826
0.007725
0.007620
0.007511
0.007399
0.007284
0.007166
0.007045
0.006922
0.006799
0.006675
0.006553
0.006433
0.006318
0.006210
0.006109
0.006020
0.005942
0.005878
0.005829
0.005798
0.005785
0.005790
0.005817
0.005874
0.006040
0.007435
0.007360
0.007352
0.007370
0.007414
0.007474
0.007543
0.007621
0.007707
0.007799
0.007893
0.007988
0.008083
0.008175
0.008262
0.008343
0.008416
0.008482
0.008538
0.008586
0.008624
0.008654
0.008675
0.008688
0.008694
0.008693
0.008686
0.008673
0.008655
0.008632
0.008604
0.008570
0.008529
0.008481
0.008424
0.008360
0.008288
0.008211
0.008129
0.008043
0.007954
0.007862
0.007767
0.007668
0.007566
0.007461
0.007353
0.007241
0.007127
0.007010
0.006892
0.006773
0.006655
0.006538
0.006424
0.006315
0.006214
0.006121
0.006038
0.005968
0.005912
0.005873
0.005850
0.005844
0.005860
0.005904
0.005978
0.006159
0.007513
0.007437
0.007431
0.007436
0.007466
0.007522
0.007590
0.007666
0.007748
0.007836
0.007927
0.008018
0.008109
0.008197
0.008280
0.008357
0.008427
0.008489
0.008542
0.008587
0.008622
0.008649
0.008667
0.008678
0.008682
0.008679
0.008671
0.008656
0.008637
0.008613
0.008585
0.008552
0.008513
0.008467
0.008415
0.008355
0.008288
0.008216
0.008138
0.008057
0.007973
0.007886
0.007797
0.007704
0.007607
0.007508
0.007407
0.007302
0.007195
0.007085
0.006973
0.006860
0.006746
0.006633
0.006522
0.006415
0.006313
0.006218
0.006132
0.006058
0.005995
0.005948
0.005916
0.005900
0.005904
0.005937
0.005998
0.006078
0.006269
0.007565
0.007485
0.007496
0.007503
0.007522
0.007565
0.007630
0.007706
0.007787
0.007871
0.007959
0.008047
0.008134
0.008218
0.008297
0.008370
0.008436
0.008494
0.008544
0.008584
0.008616
0.008640
0.008655
0.008663
0.008665
0.008661
0.008651
0.008635
0.008615
0.008589
0.008560
0.008527
0.008489
0.008445
0.008396
0.008340
0.008277
0.008210
0.008137
0.008061
0.007981
0.007899
0.007814
0.007726
0.007636
0.007542
0.007446
0.007348
0.007248
0.007145
0.007040
0.006933
0.006825
0.006717
0.006610
0.006505
0.006404
0.006309
0.006222
0.006144
0.006076
0.006022
0.005982
0.005956
0.005950
0.005970
0.006019
0.006086
0.006160
0.006365
0.007622
0.007516
0.007544
0.007571
0.007592
0.007622
0.007676
0.007749
0.007829
0.007911
0.007995
0.008079
0.008162
0.008241
0.008315
0.008384
0.008445
0.008498
0.008543
0.008580
0.008608
0.008627
0.008639
0.008644
0.008643
0.008637
0.008625
0.008609
0.008587
0.008561
0.008531
0.008496
0.008458
0.008415
0.008368
0.008315
0.008256
0.008193
0.008125
0.008053
0.007979
0.007901
0.007821
0.007738
0.007652
0.007563
0.007473
0.007380
0.007286
0.007190
0.007092
0.006992
0.006891
0.006789
0.006687
0.006587
0.006489
0.006396
0.006309
0.006229
0.006158
0.006099
0.006053
0.006020
0.006003
0.006013
0.006050
0.006106
0.006167
0.006236
0.006471
0.007731
0.007578
0.007601
0.007645
0.007684
0.007714
0.007752
0.007812
0.007887
0.007966
0.008045
0.008123
0.008200
0.008273
0.008341
0.008403
0.008458
0.008505
0.008544
0.008575
0.008598
0.008613
0.008621
0.008622
0.008618
0.008609
0.008595
0.008577
0.008554
0.008527
0.008495
0.008460
0.008421
0.008378
0.008332
0.008281
0.008225
0.008166
0.008102
0.008035
0.007964
0.007892
0.007816
0.007738
0.007657
0.007573
0.007487
0.007400
0.007311
0.007221
0.007130
0.007038
0.006944
0.006849
0.006754
0.006660
0.006568
0.006478
0.006394
0.006316
0.006245
0.006184
0.006135
0.006098
0.006075
0.006076
0.006105
0.006152
0.006202
0.006259
0.006340
0.006620
0.007924
0.007717
0.007706
0.007744
0.007798
0.007844
0.007878
0.007917
0.007975
0.008046
0.008119
0.008188
0.008255
0.008320
0.008379
0.008432
0.008479
0.008518
0.008549
0.008573
0.008589
0.008598
0.008600
0.008597
0.008589
0.008577
0.008561
0.008540
0.008516
0.008487
0.008454
0.008418
0.008378
0.008335
0.008288
0.008239
0.008185
0.008128
0.008068
0.008005
0.007939
0.007870
0.007799
0.007726
0.007650
0.007571
0.007490
0.007407
0.007324
0.007240
0.007155
0.007070
0.006984
0.006897
0.006811
0.006724
0.006639
0.006556
0.006477
0.006404
0.006336
0.006278
0.006230
0.006192
0.006167
0.006165
0.006189
0.006231
0.006274
0.006322
0.006392
0.006508
0.006840
0.008207
0.007951
0.007891
0.007893
0.007939
0.007999
0.008045
0.008075
0.008109
0.008160
0.008220
0.008279
0.008334
0.008386
0.008433
0.008475
0.008511
0.008539
0.008561
0.008575
0.008583
0.008584
0.008579
0.008570
0.008557
0.008541
0.008521
0.008499
0.008472
0.008442
0.008407
0.008369
0.008327
0.008283
0.008237
0.008188
0.008136
0.008082
0.008024
0.007964
0.007901
0.007837
0.007770
0.007702
0.007631
0.007557
0.007481
0.007403
0.007324
0.007245
0.007166
0.007088
0.007010
0.006932
0.006854
0.006777
0.006701
0.006627
0.006556
0.006489
0.006429
0.006376
0.006332
0.006298
0.006275
0.006274
0.006298
0.006338
0.006379
0.006421
0.006485
0.006593
0.006756
0.007136
0.008566
0.008275
0.008165
0.008113
0.008122
0.008172
0.008230
0.008270
0.008292
0.008315
0.008352
0.008396
0.008437
0.008473
0.008505
0.008533
0.008555
0.008570
0.008580
0.008582
0.008579
0.008571
0.008558
0.008542
0.008522
0.008501
0.008478
0.008452
0.008423
0.008390
0.008353
0.008312
0.008269
0.008224
0.008178
0.008129
0.008078
0.008025
0.007970
0.007912
0.007852
0.007791
0.007728
0.007664
0.007599
0.007531
0.007460
0.007387
0.007312
0.007238
0.007164
0.007092
0.007021
0.006951
0.006882
0.006815
0.006749
0.006685
0.006624
0.006567
0.006516
0.006471
0.006435
0.006408
0.006391
0.006393
0.006421
0.006463
0.006505
0.006546
0.006606
0.006709
0.006868
0.007081
0.007500
0.008986
0.008670
0.008518
0.008413
0.008366
0.008376
0.008424
0.008476
0.008504
0.008512
0.008518
0.008537
0.008561
0.008581
0.008595
0.008605
0.008610
0.008610
0.008605
0.008594
0.008579
0.008559
0.008536
0.008511
0.008484
0.008457
0.008429
0.008400
0.008367
0.008332
0.008292
0.008249
0.008204
0.008158
0.008110
0.008062
0.008012
0.007960
0.007906
0.007850
0.007793
0.007734
0.007674
0.007614
0.007553
0.007490
0.007425
0.007358
0.007289
0.007218
0.007149
0.007081
0.007016
0.006953
0.006893
0.006835
0.006780
0.006727
0.006677
0.006631
0.006590
0.006556
0.006530
0.006512
0.006503
0.006513
0.006546
0.006594
0.006640
0.006682
0.006742
0.006843
0.007000
0.007212
0.007470
0.007922
0.009459
0.009122
0.008936
0.008786
0.008683
0.008635
0.008640
0.008680
0.008720
0.008732
0.008719
0.008705
0.008702
0.008703
0.008698
0.008689
0.008675
0.008658
0.008636
0.008610
0.008580
0.008547
0.008513
0.008477
0.008442
0.008408
0.008375
0.008341
0.008305
0.008266
0.008224
0.008179
0.008131
0.008083
0.008034
0.007985
0.007936
0.007885
0.007832
0.007778
0.007723
0.007666
0.007609
0.007552
0.007494
0.007436
0.007377
0.007315
0.007251
0.007186
0.007120
0.007057
0.006996
0.006939
0.006886
0.006836
0.006791
0.006749
0.006710
0.006676
0.006647
0.006625
0.006610
0.006602
0.006604
0.006623
0.006665
0.006721
0.006774
0.006821
0.006882
0.006985
0.007143
0.007356
0.007616
0.007914
0.008395
0.009984
0.009626
0.009410
0.009223
0.009071
0.008964
0.008908
0.008903
0.008929
0.008949
0.008939
0.008903
0.008865
0.008836
0.008812
0.008782
0.008748
0.008711
0.008671
0.008628
0.008582
0.008534
0.008487
0.008440
0.008396
0.008354
0.008314
0.008275
0.008236
0.008194
0.008148
0.008100
0.008051
0.008001
0.007951
0.007901
0.007851
0.007800
0.007749
0.007696
0.007643
0.007588
0.007533
0.007478
0.007423
0.007368
0.007314
0.007258
0.007200
0.007140
0.007079
0.007019
0.006961
0.006908
0.006860
0.006817
0.006780
0.006748
0.006721
0.006699
0.006682
0.006671
0.006668
0.006673
0.006686
0.006716
0.006769
0.006836
0.006898
0.006952
0.007019
0.007126
0.007288
0.007505
0.007769
0.008072
0.008409
0.008923
0.010567
0.010186
0.009939
0.009717
0.009523
0.009363
0.009244
0.009175
0.009152
0.009157
0.009154
0.009117
0.009054
0.008988
0.008933
0.008882
0.008827
0.008768
0.008708
0.008646
0.008583
0.008520
0.008458
0.008399
0.008344
0.008293
0.008247
0.008203
0.008159
0.008113
0.008065
0.008014
0.007962
0.007910
0.007859
0.007809
0.007758
0.007708
0.007657
0.007605
0.007553
0.007501
0.007448
0.007395
0.007342
0.007290
0.007238
0.007186
0.007134
0.007080
0.007024
0.006968
0.006913
0.006863
0.006818
0.006779
0.006749
0.006725
0.006707
0.006696
0.006691
0.006692
0.006702
0.006719
0.006745
0.006787
0.006853
0.006932
0.007006
0.007070
0.007145
0.007260
0.007429
0.007652
0.007923
0.008235
0.008582
0.008960
0.009509
0.011216
0.010807
0.010526
0.010267
0.010033
0.009826
0.009651
0.009513
0.009422
0.009377
0.009355
0.009323
0.009256
0.009163
0.009068
0.008985
0.008908
0.008828
0.008746
0.008664
0.008583
0.008502
0.008425
0.008352
0.008286
0.008226
0.008172
0.008123
0.008074
0.008025
0.007973
0.007920
0.007866
0.007812
0.007760
0.007709
0.007659
0.007608
0.007557
0.007506
0.007455
0.007404
0.007354
0.007303
0.007252
0.007201
0.007151
0.007102
0.007054
0.007005
0.006955
0.006904
0.006853
0.006804
0.006761
0.006725
0.006698
0.006679
0.006670
0.006668
0.006673
0.006687
0.006709
0.006738
0.006777
0.006832
0.006911
0.007004
0.007091
0.007168
0.007254
0.007378
0.007557
0.007791
0.008072
0.008394
0.008754
0.009148
0.009571
0.010162
0.011942
0.011500
0.011177
0.010876
0.010599
0.010345
0.010119
0.009921
0.009758
0.009640
0.009565
0.009513
0.009449
0.009349
0.009225
0.009102
0.008992
0.008889
0.008785
0.008681
0.008580
0.008481
0.008387
0.008300
0.008222
0.008152
0.008091
0.008035
0.007982
0.007929
0.007874
0.007818
0.007762
0.007707
0.007654
0.007602
0.007552
0.007501
0.007450
0.007399
0.007349
0.007300
0.007251
0.007203
0.007154
0.007105
0.007056
0.007009
0.006963
0.006918
0.006873
0.006828
0.006781
0.006735
0.006693
0.006658
0.006631
0.006615
0.006610
0.006616
0.006631
0.006655
0.006688
0.006730
0.006781
0.006849
0.006942
0.007049
0.007151
0.007242
0.007340
0.007477
0.007668
0.007913
0.008207
0.008543
0.008918
0.009330
0.009776
0.010253
0.010893
0.012756
0.012276
0.011903
0.011553
0.011226
0.010922
0.010642
0.010388
0.010160
0.009966
0.009815
0.009708
0.009622
0.009523
0.009391
0.009237
0.009085
0.008949
0.008823
0.008698
0.008575
0.008457
0.008346
0.008244
0.008152
0.008072
0.008002
0.007941
0.007883
0.007826
0.007768
0.007709
0.007650
0.007594
0.007540
0.007489
0.007438
0.007388
0.007337
0.007287
0.007237
0.007189
0.007142
0.007095
0.007049
0.007002
0.006955
0.006908
0.006863
0.006820
0.006779
0.006739
0.006698
0.006656
0.006616
0.006580
0.006553
0.006537
0.006533
0.006543
0.006564
0.006597
0.006641
0.006694
0.006757
0.006838
0.006944
0.007065
0.007182
0.007287
0.007399
0.007549
0.007753
0.008014
0.008322
0.008673
0.009066
0.009498
0.009970
0.010477
0.011017
0.011712
0.013675
0.013146
0.012717
0.012309
0.011924
0.011562
0.011223
0.010909
0.010620
0.010355
0.010124
0.009938
0.009795
0.009674
0.009541
0.009378
0.009195
0.009018
0.008859
0.008711
0.008568
0.008429
0.008300
0.008182
0.008076
0.007985
0.007907
0.007839
0.007777
0.007716
0.007655
0.007593
0.007532
0.007475
0.007421
0.007369
0.007319
0.007270
0.007219
0.007170
0.007120
0.007073
0.007027
0.006982
0.006938
0.006893
0.006848
0.006803
0.006759
0.006716
0.006677
0.006639
0.006603
0.006567
0.006530
0.006496
0.006468
0.006449
0.006444
0.006454
0.006478
0.006517
0.006569
0.006631
0.006705
0.006797
0.006915
0.007050
0.007181
0.007301
0.007427
0.007590
0.007810
0.008086
0.008412
0.008780
0.009191
0.009646
0.010144
0.010684
0.011261
0.011872
0.012635
0.014716
0.014131
0.013633
0.013157
0.012705
0.012275
0.011868
0.011487
0.011132
0.010800
0.010493
0.010223
0.009999
0.009820
0.009664
0.009500
0.009308
0.009100
0.008901
0.008722
0.008557
0.008399
0.008250
0.008115
0.007996
0.007893
0.007807
0.007732
0.007665
0.007601
0.007536
0.007471
0.007408
0.007349
0.007295
0.007244
0.007195
0.007146
0.007097
0.007049
0.007000
0.006954
0.006908
0.006865
0.006822
0.006780
0.006738
0.006694
0.006651
0.006609
0.006569
0.006533
0.006499
0.006468
0.006437
0.006406
0.006378
0.006357
0.006348
0.006354
0.006377
0.006418
0.006475
0.006545
0.006628
0.006730
0.006859
0.007006
0.007149
0.007282
0.007423
0.007600
0.007834
0.008127
0.008471
0.008858
0.009289
0.009767
0.010294
0.010866
0.011484
0.012143
0.012839
0.013680
0.015900
0.015246
0.014668
0.014109
0.013576
0.013068
0.012584
0.012126
0.011697
0.011294
0.010915
0.010564
0.010254
0.009993
0.009779
0.009592
0.009398
0.009182
0.008954
0.008736
0.008542
0.008364
0.008197
0.008044
0.007910
0.007796
0.007701
0.007621
0.007549
0.007480
0.007412
0.007344
0.007279
0.007220
0.007165
0.007115
0.007067
0.007019
0.006972
0.006925
0.006878
0.006832
0.006788
0.006746
0.006704
0.006664
0.006624
0.006583
0.006542
0.006500
0.006460
0.006423
0.006391
0.006362
0.006335
0.006310
0.006285
0.006263
0.006250
0.006251
0.006269
0.006307
0.006365
0.006439
0.006528
0.006639
0.006777
0.006933
0.007088
0.007233
0.007386
0.007577
0.007825
0.008134
0.008495
0.008903
0.009355
0.009855
0.010409
0.011016
0.011673
0.012381
0.013138
0.013933
0.014867
0.017256
0.016513
0.015838
0.015180
0.014549
0.013949
0.013376
0.012831
0.012318
0.011836
0.011381
0.010955
0.010562
0.010214
0.009918
0.009673
0.009457
0.009240
0.009005
0.008761
0.008530
0.008324
0.008139
0.007970
0.007821
0.007695
0.007591
0.007505
0.007429
0.007357
0.007285
0.007214
0.007147
0.007086
0.007032
0.006982
0.006935
0.006890
0.006844
0.006799
0.006754
0.006710
0.006668
0.006626
0.006586
0.006547
0.006509
0.006470
0.006431
0.006392
0.006352
0.006315
0.006281
0.006252
0.006229
0.006208
0.006188
0.006170
0.006155
0.006150
0.006160
0.006192
0.006245
0.006319
0.006412
0.006528
0.006673
0.006836
0.006999
0.007154
0.007319
0.007523
0.007784
0.008107
0.008485
0.008912
0.009384
0.009907
0.010485
0.011122
0.011818
0.012573
0.013391
0.014264
0.015176
0.016228
0.018830
0.017966
0.017165
0.016389
0.015640
0.014926
0.014249
0.013605
0.012996
0.012424
0.011887
0.011384
0.010913
0.010483
0.010102
0.009777
0.009505
0.009266
0.009031
0.008782
0.008527
0.008287
0.008076
0.007891
0.007729
0.007591
0.007478
0.007386
0.007306
0.007231
0.007156
0.007082
0.007012
0.006950
0.006896
0.006847
0.006802
0.006758
0.006715
0.006672
0.006630
0.006588
0.006548
0.006508
0.006470
0.006432
0.006395
0.006358
0.006321
0.006284
0.006246
0.006209
0.006175
0.006145
0.006121
0.006102
0.006088
0.006075
0.006062
0.006055
0.006058
0.006079
0.006124
0.006192
0.006283
0.006402
0.006551
0.006720
0.006889
0.007051
0.007226
0.007441
0.007714
0.008048
0.008440
0.008883
0.009374
0.009917
0.010518
0.011183
0.011913
0.012713
0.013586
0.014532
0.015540
0.016602
0.017807
0.020695
0.019659
0.018690
0.017760
0.016869
0.016018
0.015212
0.014451
0.013733
0.013059
0.012430
0.011843
0.011296
0.010789
0.010329
0.009922
0.009573
0.009280
0.009025
0.008778
0.008520
0.008260
0.008018
0.007809
0.007632
0.007484
0.007364
0.007266
0.007183
0.007104
0.007026
0.006949
0.006878
0.006814
0.006760
0.006712
0.006668
0.006626
0.006586
0.006546
0.006507
0.006468
0.006430
0.006392
0.006356
0.006320
0.006285
0.006250
0.006214
0.006179
0.006143
0.006108
0.006074
0.006043
0.006017
0.005998
0.005985
0.005978
0.005971
0.005966
0.005965
0.005977
0.006010
0.006067
0.006151
0.006267
0.006418
0.006589
0.006762
0.006929
0.007111
0.007335
0.007617
0.007962
0.008364
0.008819
0.009325
0.009886
0.010506
0.011194
0.011956
0.012794
0.013718
0.014730
0.015827
0.017008
0.018263
0.019675
0.022975
0.021689
0.020481
0.019333
0.018256
0.017239
0.016279
0.015377
0.014533
0.013745
0.013012
0.012332
0.011702
0.011121
0.010588
0.010107
0.009680
0.009314
0.009008
0.008743
0.008490
0.008229
0.007969
0.007732
0.007534
0.007376
0.007248
0.007146
0.007060
0.006979
0.006898
0.006818
0.006744
0.006680
0.006625
0.006578
0.006535
0.006495
0.006457
0.006421
0.006385
0.006350
0.006315
0.006280
0.006246
0.006213
0.006179
0.006146
0.006112
0.006078
0.006044
0.006011
0.005978
0.005948
0.005921
0.005899
0.005886
0.005881
0.005880
0.005881
0.005882
0.005889
0.005911
0.005953
0.006025
0.006133
0.006279
0.006450
0.006624
0.006794
0.006980
0.007210
0.007501
0.007853
0.008262
0.008725
0.009242
0.009816
0.010453
0.011159
0.011945
0.012816
0.013783
0.014852
0.016028
0.017318
0.018732
0.020252
0.021954
0.025772
0.024179
0.022639
0.021185
0.019839
0.018604
0.017459
0.016391
0.015399
0.014482
0.013634
0.012853
0.012133
0.011473
0.010869
0.010320
0.009825
0.009386
0.009012
0.008699
0.008430
0.008175
0.007918
0.007666
0.007444
0.007267
0.007132
0.007027
0.006939
0.006856
0.006773
0.006690
0.006614
0.006548
0.006493
0.006447
0.006405
0.006367
0.006332
0.006299
0.006267
0.006235
0.006204
0.006173
0.006142
0.006111
0.006080
0.006049
0.006017
0.005985
0.005952
0.005920
0.005890
0.005860
0.005834
0.005812
0.005796
0.005789
0.005791
0.005798
0.005806
0.005815
0.005830
0.005859
0.005913
0.006007
0.006144
0.006309
0.006481
0.006652
0.006841
0.007074
0.007369
0.007727
0.008141
0.008609
0.009132
0.009715
0.010363
0.011084
0.011886
0.012780
0.013778
0.014893
0.016134
0.017520
0.019078
0.020809
0.022688
0.024749
0.029234
0.027234
0.025270
0.023407
0.021691
0.020148
0.018763
0.017498
0.016335
0.015270
0.014296
0.013405
0.012589
0.011845
0.011168
0.010554
0.009997
0.009496
0.009053
0.008677
0.008364
0.008096
0.007846
0.007600
0.007366
0.007168
0.007019
0.006910
0.006821
0.006737
0.006651
0.006567
0.006488
0.006422
0.006367
0.006320
0.006280
0.006244
0.006211
0.006181
0.006153
0.006125
0.006098
0.006071
0.006045
0.006017
0.005989
0.005960
0.005930
0.005899
0.005869
0.005839
0.005809
0.005782
0.005757
0.005735
0.005718
0.005709
0.005708
0.005718
0.005733
0.005750
0.005766
0.005787
0.005826
0.005901
0.006021
0.006175
0.006340
0.006509
0.006698
0.006932
0.007230
0.007590
0.008008
0.008478
0.009003
0.009590
0.010245
0.010974
0.011786
0.012693
0.013712
0.014857
0.016145
0.017604
0.019278
0.021197
0.023343
0.025680
0.028213
0.033841
0.031037
0.028470
0.026080
0.023888
0.021931
0.020215
0.018702
0.017342
0.016109
0.014993
0.013985
0.013070
0.012238
0.011484
0.010804
0.010189
0.009633
0.009133
0.008694
0.008322
0.008014
0.007754
0.007516
0.007289
0.007083
0.006918
0.006798
0.006708
0.006624
0.006537
0.006450
0.006370
0.006302
0.006247
0.006201
0.006162
0.006127
0.006096
0.006069
0.006044
0.006021
0.005999
0.005976
0.005954
0.005931
0.005906
0.005880
0.005852
0.005824
0.005796
0.005767
0.005739
0.005713
0.005690
0.005670
0.005654
0.005643
0.005640
0.005647
0.005664
0.005688
0.005713
0.005736
0.005766
0.005823
0.005922
0.006057
0.006210
0.006372
0.006558
0.006792
0.007088
0.007449
0.007868
0.008339
0.008864
0.009451
0.010107
0.010839
0.011654
0.012565
0.013593
0.014754
0.016069
0.017574
0.019329
0.021387
0.023762
0.026439
0.029419
0.032822
0.040367
0.036187
0.032495
0.029282
0.026478
0.024011
0.021863
0.020018
0.018417
0.016998
0.015726
0.014589
0.013569
0.012649
0.011818
0.011071
0.010399
0.009791
0.009242
0.008750
0.008321
0.007959
0.007662
0.007415
0.007198
0.007002
0.006833
0.006701
0.006602
0.006517
0.006430
0.006341
0.006259
0.006191
0.006137
0.006091
0.006052
0.006019
0.005990
0.005966
0.005944
0.005925
0.005907
0.005889
0.005871
0.005853
0.005832
0.005810
0.005785
0.005760
0.005733
0.005707
0.005681
0.005657
0.005635
0.005616
0.005602
0.005592
0.005588
0.005592
0.005606
0.005633
0.005666
0.005698
0.005730
0.005777
0.005856
0.005967
0.006099
0.006248
0.006428
0.006657
0.006951
0.007310
0.007727
0.008197
0.008721
0.009305
0.009957
0.010686
0.011499
0.012408
0.013433
0.014596
0.015918
0.017442
0.019240
0.021385
0.023915
0.026874
0.030358
0.034483
0.039329
0.049424
0.043227
0.037858
0.033252
0.029508
0.026399
0.023739
0.021478
0.019567
0.017929
0.016492
0.015217
0.014084
0.013073
0.012166
0.011352
0.010623
0.009967
0.009373
0.008838
0.008361
0.007947
0.007599
0.007319
0.007095
0.006911
0.006754
0.006622
0.006514
0.006421
0.006331
0.006242
0.006159
0.006091
0.006037
0.005992
0.005954
0.005921
0.005894
0.005872
0.005853
0.005837
0.005823
0.005810
0.005797
0.005784
0.005768
0.005750
0.005730
0.005707
0.005683
0.005659
0.005635
0.005613
0.005593
0.005576
0.005563
0.005555
0.005552
0.005555
0.005566
0.005589
0.005624
0.005665
0.005708
0.005759
0.005825
0.005912
0.006019
0.006147
0.006314
0.006536
0.006825
0.007179
0.007592
0.008059
0.008579
0.009157
0.009801
0.010522
0.011328
0.012229
0.013246
0.014398
0.015711
0.017229
0.019028
0.021198
0.023810
0.026942
0.030793
0.035605
0.041421
0.048376
0.062230
0.053238
0.044702
0.038343
0.033150
0.029100
0.025826
0.023088
0.020806
0.018900
0.017277
0.015863
0.014614
0.013507
0.012523
0.011645
0.010860
0.010157
0.009523
0.008950
0.008436
0.007978
0.007583
0.007255
0.007000
0.006810
0.006668
0.006551
0.006446
0.006344
0.006246
0.006153
0.006071
0.006003
0.005948
0.005904
0.005867
0.005835
0.005810
0.005789
0.005773
0.005760
0.005750
0.005741
0.005733
0.005725
0.005714
0.005701
0.005685
0.005667
0.005646
0.005624
0.005603
0.005583
0.005565
0.005550
0.005538
0.005532
0.005531
0.005535
0.005546
0.005565
0.005596
0.005639
0.005693
0.005755
0.005824
0.005898
0.005979
0.006080
0.006225
0.006434
0.006714
0.007060
0.007467
0.007927
0.008441
0.009011
0.009645
0.010353
0.011146
0.012036
0.013038
0.014172
0.015463
0.016953
0.018719
0.020858
0.023465
0.026648
0.030669
0.035904
0.042401
0.051372
0.061429
0.079109
0.068105
0.053634
0.044448
0.037573
0.032155
0.028061
0.024799
0.022115
0.019910
0.018076
0.016512
0.015151
0.013950
0.012888
0.011947
0.011109
0.010360
0.009688
0.009082
0.008536
0.008046
0.007611
0.007240
0.006941
0.006723
0.006577
0.006476
0.006387
0.006288
0.006181
0.006079
0.005994
0.005927
0.005874
0.005830
0.005794
0.005763
0.005739
0.005720
0.005706
0.005696
0.005688
0.005684
0.005680
0.005676
0.005671
0.005663
0.005652
0.005638
0.005621
0.005603
0.005585
0.005567
0.005551
0.005538
0.005529
0.005525
0.005525
0.005531
0.005543
0.005562
0.005589
0.005628
0.005683
0.005757
0.005838
0.005914
0.005981
0.006056
0.006173
0.006359
0.006623
0.006960
0.007357
0.007808
0.008312
0.008871
0.009493
0.010186
0.010961
0.011831
0.012813
0.013924
0.015184
0.016634
0.018339
0.020400
0.022926
0.026029
0.029980
0.035298
0.042199
0.051492
0.065655
0.079740
0.149839
0.085250
0.065273
0.052036
0.042500
0.035548
0.030380
0.026536
0.023450
0.020933
0.018875
0.017157
0.015680
0.014392
0.013258
0.012254
0.011366
0.010574
0.009865
0.009230
0.008657
0.008140
0.007677
0.007271
0.006932
0.006674
0.006502
0.006399
0.006326
0.006243
0.006139
0.006028
0.005935
0.005865
0.005814
0.005771
0.005735
0.005705
0.005682
0.005665
0.005653
0.005644
0.005640
0.005638
0.005639
0.005639
0.005638
0.005636
0.005630
0.005621
0.005609
0.005595
0.005580
0.005565
0.005552
0.005541
0.005535
0.005532
0.005535
0.005542
0.005556
0.005577
0.005604
0.005638
0.005689
0.005764
0.005857
0.005946
0.006016
0.006078
0.006167
0.006323
0.006562
0.006881
0.007265
0.007704
0.008195
0.008741
0.009347
0.010022
0.010776
0.011621
0.012576
0.013653
0.014876
0.016279
0.017912
0.019868
0.022264
0.025209
0.028891
0.033870
0.040645
0.050084
0.063682
0.077977
0.131658
0.004978
0.109310
0.069437
0.059473
0.047820
0.039125
0.032751
0.028193
0.024752
0.021967
0.019692
0.017825
0.016244
0.014881
0.013689
0.012640
0.011712
0.010887
0.010151
0.009491
0.008899
0.008365
0.007885
0.007457
0.007088
0.006791
0.006575
0.006435
0.006342
0.006255
0.006151
0.006035
0.005927
0.005843
0.005780
0.005729
0.005684
0.005646
0.005615
0.005591
0.005572
0.005558
0.005549
0.005543
0.005541
0.005540
0.005539
0.005539
0.005537
0.005533
0.005528
0.005521
0.005515
0.005509
0.005504
0.005503
0.005506
0.005513
0.005526
0.005544
0.005568
0.005599
0.005637
0.005682
0.005739
0.005816
0.005915
0.006024
0.006122
0.006206
0.006300
0.006441
0.006655
0.006948
0.007311
0.007731
0.008203
0.008728
0.009310
0.009959
0.010683
0.011492
0.012404
0.013433
0.014602
0.015937
0.017487
0.019317
0.021548
0.024279
0.027656
0.032132
0.038410
0.047017
0.058167
0.061918
0.105925
0.004978
0.000000
0.000000
0.000000
0.000000
0.101735
0.000000
0.000000
0.072827
0.072062
0.000000
0.000000
0.054038
0.057102
0.053702
0.000000
0.000000
0.043081
0.045835
0.045759
0.042720
0.000000
0.000000
0.035772
0.037978
0.038835
0.037869
0.035354
0.000000
0.000000
0.030543
0.032181
0.033182
0.033161
0.032031
0.030073
0.000000
0.000000
0.026739
0.027979
0.028894
0.029227
0.028848
0.027769
0.026207
0.000000
0.000000
0.023713
0.024722
0.025536
0.025994
0.025981
0.025449
0.024446
0.023130
0.000000
0.000000
0.021258
0.022087
0.022798
0.023285
0.023457
0.023249
0.022660
0.021749
0.020634
0.000000
0.000000
0.019261
0.019945
0.020558
0.021028
0.021285
0.021270
0.020959
0.020366
0.019552
0.018599
0.000000
0.000000
0.017600
0.018182
0.018714
0.019155
0.019449
0.019546
0.019412
0.019043
0.018466
0.017734
0.016903
0.000000
0.000000
0.016177
0.016688
0.017163
0.017575
0.017883
0.018046
0.018028
0.017814
0.017415
0.016859
0.016190
0.015448
0.000000
0.000000
0.014938
0.015393
0.015823
0.016207
0.016517
0.016717
0.016776
0.016674
0.016409
0.015996
0.015465
0.014850
0.014181
0.000000
0.000000
0.013848
0.014255
0.014646
0.015005
0.015309
0.015532
0.015642
0.015621
0.015458
0.015158
0.014742
0.014238
0.013670
0.013067
0.000000
0.000000
0.012886
0.013250
0.013609
0.013946
0.014241
0.014474
0.014619
0.014656
0.014570
0.014362
0.014043
0.013632
0.013152
0.012628
0.012082
0.000000
0.000000
0.012036
0.012363
0.012691
0.013008
0.013294
0.013531
0.013698
0.013775
0.013750
0.013616
0.013377
0.013047
0.012644
0.012189
0.011705
0.011212
0.000000
0.000000
0.011279
0.011576
0.011876
0.012171
0.012447
0.012684
0.012866
0.012974
0.012994
0.012919
0.012746
0.012486
0.012151
0.011759
0.011331
0.010885
0.010435
0.000000
0.000000
0.010604
0.010873
0.011150
0.011425
0.011687
0.011923
0.012115
0.012247
0.012303
0.012274
0.012156
0.011953
0.011677
0.011343
0.010966
0.010565
0.010153
0.009742
0.000000
0.000000
0.009999
0.010245
0.010502
0.010760
0.011009
0.011239
0.011437
0.011587
0.011672
0.011682
0.011610
0.011457
0.011231
0.010947
0.010617
0.010257
0.009880
0.009497
0.009121
0.000000
0.000000
0.009453
0.009679
0.009919
0.010163
0.010403
0.010629
0.010828
0.010989
0.011097
0.011139
0.011106
0.010997
0.010817
0.010577
0.010288
0.009965
0.009620
0.009263
0.008907
0.008562
0.000000
0.000000
0.008961
0.009169
0.009393
0.009626
0.009859
0.010081
0.010282
0.010451
0.010574
0.010642
0.010643
0.010573
0.010435
0.010235
0.009985
0.009695
0.009378
0.009045
0.008707
0.008376
0.008059
0.000000
0.000000
0.008520
0.008712
0.008922
0.009144
0.009370
0.009590
0.009793
0.009968
0.010104
0.010190
0.010218
0.010183
0.010082
0.009921
0.009707
0.009449
0.009159
0.008848
0.008527
0.008208
0.007899
0.007608
0.000000
0.000000
0.008135
0.008308
0.008505
0.008717
0.008937
0.009154
0.009358
0.009539
0.009686
0.009788
0.009839
0.009832
0.009765
0.009639
0.009459
0.009232
0.008969
0.008679
0.008376
0.008068
0.007766
0.007478
0.007212
0.000000
0.000000
0.007820
0.007969
0.008150
0.008352
0.008564
0.008777
0.008982
0.009168
0.009325
0.009443
0.009513
0.009531
0.009493
0.009397
0.009248
0.009051
0.008814
0.008547
0.008260
0.007965
0.007670
0.007385
0.007119
0.006882
0.000000
0.000000
0.007593
0.007708
0.007867
0.008055
0.008259
0.008468
0.008673
0.008862
0.009028
0.009159
0.009249
0.009289
0.009276
0.009208
0.009087
0.008917
0.008705
0.008460
0.008191
0.007908
0.007620
0.007339
0.007071
0.006830
0.006628
0.000000
0.000000
0.007463
0.007534
0.007661
0.007830
0.008023
0.008226
0.008429
0.008621
0.008793
0.008936
0.009041
0.009102
0.009112
0.009070
0.008975
0.008831
0.008643
0.008419
0.008167
0.007897
0.007619
0.007340
0.007073
0.006827
0.006618
0.006456
0.000000
0.000000
0.007409
0.007440
0.007527
0.007665
0.007840
0.008033
0.008233
0.008425
0.008602
0.008753
0.008872
0.008950
0.008981
0.008962
0.008892
0.008773
0.008609
0.008407
0.008174
0.007919
0.007650
0.007377
0.007111
0.006862
0.006646
0.006473
0.006347
0.000000
0.000000
0.007386
0.007395
0.007443
0.007542
0.007687
0.007863
0.008053
0.008243
0.008422
0.008580
0.008708
0.008800
0.008849
0.008852
0.008806
0.008712
0.008573
0.008394
0.008181
0.007943
0.007687
0.007422
0.007160
0.006911
0.006690
0.006508
0.006369
0.006265
0.000000
0.000000
0.007346
0.007357
0.007383
0.007444
0.007552
0.007699
0.007873
0.008055
0.008233
0.008394
0.008530
0.008633
0.008698
0.008720
0.008697
0.008627
0.008512
0.008357
0.008166
0.007947
0.007706
0.007453
0.007198
0.006952
0.006730
0.006541
0.006392
0.006276
0.006177
0.000000
0.000000
0.007275
0.007303
0.007329
0.007369
0.007441
0.007554
0.007702
0.007869
0.008041
0.008203
0.008345
0.008459
0.008537
0.008576
0.008573
0.008525
0.008434
0.008302
0.008134
0.007935
0.007711
0.007471
0.007225
0.006985
0.006764
0.006571
0.006414
0.006286
0.006175
0.006071
0.000000
0.000000
0.007193
0.007234
0.007275
0.007316
0.007369
0.007451
0.007568
0.007713
0.007872
0.008031
0.008177
0.008299
0.008390
0.008444
0.008459
0.008431
0.008362
0.008253
0.008106
0.007926
0.007720
0.007494
0.007259
0.007026
0.006806
0.006611
0.006446
0.006308
0.006185
0.006069
0.005962
0.000000
0.000000
0.007128
0.007168
0.007222
0.007277
0.007332
0.007397
0.007487
0.007605
0.007745
0.007894
0.008038
0.008166
0.008267
0.008335
0.008366
0.008357
0.008308
0.008219
0.008093
0.007933
0.007744
0.007533
0.007310
0.007085
0.006869
0.006672
0.006501
0.006352
0.006218
0.006090
0.005970
0.005869
0.000000
0.000000
0.007089
0.007118
0.007173
0.007240
0.007308
0.007374
0.007449
0.007543
0.007659
0.007791
0.007927
0.008055
0.008163
0.008242
0.008288
0.008296
0.008266
0.008197
0.008090
0.007949
0.007778
0.007583
0.007373
0.007157
0.006947
0.006751
0.006575
0.006418
0.006273
0.006134
0.006003
0.005889
0.005801
0.000000
0.000000
0.007068
0.007087
0.007132
0.007199
0.007277
0.007354
0.007430
0.007511
0.007606
0.007718
0.007840
0.007961
0.008071
0.008158
0.008216
0.008240
0.008227
0.008176
0.008088
0.007966
0.007813
0.007635
0.007439
0.007234
0.007031
0.006837
0.006659
0.006496
0.006343
0.006194
0.006053
0.005926
0.005824
0.005748
0.000000
0.000000
0.007054
0.007069
0.007104
0.007162
0.007240
0.007327
0.007412
0.007493
0.007578
0.007673
0.007778
0.007888
0.007993
0.008084
0.008151
0.008188
0.008191
0.008157
0.008088
0.007984
0.007849
0.007687
0.007506
0.007313
0.007118
0.006929
0.006750
0.006583
0.006423
0.006267
0.006116
0.005979
0.005864
0.005773
0.005705
0.000000
0.000000
0.007045
0.007059
0.007089
0.007138
0.007208
0.007295
0.007389
0.007479
0.007565
0.007651
0.007742
0.007839
0.007936
0.008025
0.008097
0.008143
0.008160
0.008142
0.008090
0.008004
0.007886
0.007742
0.007575
0.007395
0.007210
0.007026
0.006848
0.006678
0.006513
0.006350
0.006192
0.006045
0.005918
0.005814
0.005731
0.005668
0.000000
0.000000
0.007041
0.007054
0.007083
0.007127
0.007188
0.007268
0.007363
0.007461
0.007555
0.007643
0.007727
0.007813
0.007900
0.007983
0.008055
0.008107
0.008134
0.008130
0.008094
0.008025
0.007925
0.007797
0.007646
0.007479
0.007304
0.007126
0.006952
0.006781
0.006613
0.006445
0.006280
0.006125
0.005987
0.005870
0.005774
0.005696
0.005637
0.000000
0.000000
0.007043
0.007055
0.007082
0.007125
0.007181
0.007253
0.007341
0.007441
0.007542
0.007637
0.007723
0.007805
0.007884
0.007959
0.008027
0.008081
0.008115
0.008122
0.008100
0.008047
0.007963
0.007851
0.007716
0.007563
0.007399
0.007229
0.007059
0.006890
0.006720
0.006548
0.006379
0.006217
0.006070
0.005941
0.005832
0.005740
0.005667
0.005614
0.000000
0.000000
0.007050
0.007060
0.007086
0.007127
0.007182
0.007249
0.007330
0.007424
0.007526
0.007628
0.007722
0.007806
0.007881
0.007951
0.008014
0.008067
0.008104
0.008119
0.008108
0.008069
0.008000
0.007904
0.007784
0.007646
0.007493
0.007333
0.007168
0.007002
0.006832
0.006659
0.006486
0.006319
0.006164
0.006026
0.005905
0.005800
0.005713
0.005645
0.005597
0.000000
0.000000
0.007060
0.007070
0.007094
0.007134
0.007188
0.007253
0.007329
0.007417
0.007514
0.007617
0.007718
0.007808
0.007887
0.007956
0.008015
0.008065
0.008102
0.008122
0.008119
0.008092
0.008037
0.007956
0.007851
0.007727
0.007586
0.007436
0.007279
0.007116
0.006948
0.006776
0.006601
0.006430
0.006269
0.006122
0.005991
0.005875
0.005774
0.005692
0.005629
0.005584
0.000000
0.000000
0.007074
0.007083
0.007107
0.007145
0.007198
0.007262
0.007336
0.007419
0.007511
0.007611
0.007712
0.007809
0.007894
0.007967
0.008026
0.008075
0.008111
0.008132
0.008136
0.008117
0.008074
0.008007
0.007916
0.007805
0.007677
0.007537
0.007388
0.007231
0.007067
0.006897
0.006722
0.006549
0.006383
0.006230
0.006089
0.005962
0.005850
0.005754
0.005676
0.005617
0.005576
0.000000
0.000000
0.007091
0.007099
0.007123
0.007160
0.007211
0.007274
0.007348
0.007429
0.007516
0.007611
0.007710
0.007808
0.007899
0.007978
0.008042
0.008092
0.008128
0.008151
0.008157
0.008145
0.008111
0.008056
0.007978
0.007880
0.007765
0.007636
0.007496
0.007346
0.007187
0.007019
0.006846
0.006673
0.006504
0.006345
0.006198
0.006062
0.005939
0.005831
0.005739
0.005665
0.005609
0.005573
0.000000
0.000000
0.007110
0.007118
0.007140
0.007177
0.007227
0.007289
0.007361
0.007442
0.007528
0.007618
0.007713
0.007809
0.007903
0.007987
0.008058
0.008112
0.008151
0.008175
0.008184
0.008176
0.008150
0.008104
0.008038
0.007952
0.007849
0.007731
0.007600
0.007458
0.007306
0.007143
0.006973
0.006800
0.006631
0.006468
0.006315
0.006171
0.006039
0.005919
0.005815
0.005728
0.005657
0.005605
0.005572
0.000000
0.000000
0.007128
0.007137
0.007159
0.007195
0.007245
0.007306
0.007377
0.007457
0.007542
0.007631
0.007723
0.007816
0.007908
0.007995
0.008071
0.008132
0.008176
0.008204
0.008216
0.008211
0.008191
0.008152
0.008095
0.008020
0.007929
0.007822
0.007701
0.007568
0.007422
0.007265
0.007100
0.006929
0.006760
0.006595
0.006438
0.006288
0.006148
0.006019
0.005904
0.005803
0.005719
0.005653
0.005604
0.005574
0.000000
0.000000
0.007146
0.007155
0.007178
0.007214
0.007263
0.007323
0.007394
0.007472
0.007558
0.007646
0.007737
0.007827
0.007916
0.008003
0.008083
0.008150
0.008200
0.008234
0.008250
0.008249
0.008233
0.008200
0.008151
0.008086
0.008004
0.007908
0.007797
0.007673
0.007535
0.007385
0.007225
0.007059
0.006891
0.006726
0.006566
0.006411
0.006265
0.006128
0.006002
0.005890
0.005794
0.005713
0.005650
0.005604
0.005576
0.000000
0.000000
0.007160
0.007172
0.007196
0.007232
0.007280
0.007340
0.007410
0.007488
0.007573
0.007662
0.007752
0.007842
0.007929
0.008014
0.008094
0.008164
0.008221
0.008261
0.008284
0.008288
0.008276
0.008249
0.008206
0.008149
0.008076
0.007989
0.007888
0.007773
0.007643
0.007501
0.007347
0.007186
0.007021
0.006857
0.006696
0.006539
0.006387
0.006243
0.006109
0.005987
0.005879
0.005785
0.005708
0.005648
0.005605
0.005579
0.000000
0.000000
0.007171
0.007185
0.007211
0.007248
0.007296
0.007356
0.007425
0.007503
0.007588
0.007677
0.007767
0.007857
0.007944
0.008028
0.008106
0.008178
0.008239
0.008286
0.008315
0.008326
0.008320
0.008297
0.008260
0.008209
0.008144
0.008066
0.007974
0.007867
0.007747
0.007613
0.007466
0.007311
0.007150
0.006988
0.006827
0.006669
0.006514
0.006364
0.006223
0.006092
0.005973
0.005868
0.005778
0.005704
0.005646
0.005604
0.005579
0.000000
0.000000
0.007175
0.007193
0.007222
0.007261
0.007310
0.007370
0.007440
0.007517
0.007602
0.007690
0.007781
0.007872
0.007960
0.008044
0.008121
0.008193
0.008256
0.008307
0.008343
0.008361
0.008361
0.008345
0.008313
0.008268
0.008209
0.008138
0.008054
0.007957
0.007845
0.007719
0.007580
0.007431
0.007276
0.007117
0.006958
0.006799
0.006642
0.006489
0.006342
0.006204
0.006076
0.005960
0.005858
0.005771
0.005699
0.005643
0.005602
0.005578
0.000000
0.000000
0.007175
0.007196
0.007228
0.007270
0.007321
0.007382
0.007452
0.007530
0.007614
0.007703
0.007794
0.007885
0.007975
0.008059
0.008138
0.008209
0.008273
0.008326
0.008367
0.008392
0.008399
0.008389
0.008364
0.008324
0.008271
0.008207
0.008130
0.008040
0.007937
0.007820
0.007689
0.007548
0.007398
0.007244
0.007087
0.006930
0.006772
0.006617
0.006465
0.006321
0.006185
0.006060
0.005947
0.005848
0.005763
0.005693
0.005638
0.005598
0.005574
0.000000
0.000000
0.007168
0.007193
0.007229
0.007274
0.007328
0.007391
0.007462
0.007540
0.007625
0.007714
0.007805
0.007897
0.007987
0.008074
0.008154
0.008226
0.008290
0.008345
0.008388
0.008418
0.008433
0.008430
0.008411
0.008377
0.008330
0.008272
0.008201
0.008119
0.008023
0.007914
0.007792
0.007658
0.007515
0.007366
0.007214
0.007058
0.006901
0.006745
0.006591
0.006442
0.006300
0.006167
0.006045
0.005935
0.005838
0.005754
0.005685
0.005631
0.005592
0.005568
0.000000
0.000000
0.007158
0.007186
0.007225
0.007274
0.007332
0.007397
0.007470
0.007550
0.007634
0.007723
0.007815
0.007907
0.007999
0.008086
0.008169
0.008243
0.008308
0.008364
0.008409
0.008443
0.008462
0.008466
0.008454
0.008427
0.008386
0.008333
0.008268
0.008192
0.008104
0.008003
0.007889
0.007763
0.007627
0.007484
0.007336
0.007184
0.007029
0.006873
0.006718
0.006566
0.006419
0.006280
0.006150
0.006030
0.005922
0.005826
0.005744
0.005676
0.005622
0.005584
0.005561
0.000000
0.000000
0.007144
0.007175
0.007217
0.007270
0.007331
0.007400
0.007476
0.007557
0.007643
0.007733
0.007825
0.007917
0.008009
0.008098
0.008181
0.008258
0.008325
0.008382
0.008429
0.008465
0.008489
0.008498
0.008493
0.008472
0.008437
0.008390
0.008331
0.008261
0.008179
0.008086
0.007979
0.007861
0.007733
0.007597
0.007454
0.007307
0.007155
0.007000
0.006845
0.006691
0.006542
0.006398
0.006261
0.006133
0.006015
0.005909
0.005814
0.005733
0.005665
0.005612
0.005575
0.005554
0.000000
0.000000
0.007129
0.007162
0.007207
0.007263
0.007328
0.007400
0.007479
0.007563
0.007651
0.007741
0.007834
0.007927
0.008019
0.008108
0.008193
0.008271
0.008341
0.008400
0.008449
0.008487
0.008513
0.008527
0.008527
0.008512
0.008484
0.008442
0.008389
0.008325
0.008249
0.008163
0.008064
0.007954
0.007833
0.007704
0.007567
0.007424
0.007277
0.007125
0.006971
0.006818
0.006666
0.006519
0.006377
0.006243
0.006117
0.006001
0.005895
0.005802
0.005721
0.005654
0.005602
0.005566
0.005547
0.000000
0.000000
0.007115
0.007149
0.007195
0.007254
0.007322
0.007398
0.007480
0.007567
0.007657
0.007750
0.007844
0.007937
0.008029
0.008119
0.008204
0.008283
0.008354
0.008416
0.008468
0.008508
0.008537
0.008554
0.008558
0.008549
0.008526
0.008490
0.008442
0.008384
0.008314
0.008234
0.008142
0.008040
0.007927
0.007804
0.007674
0.007537
0.007394
0.007247
0.007095
0.006943
0.006791
0.006642
0.006497
0.006358
0.006225
0.006101
0.005986
0.005882
0.005789
0.005709
0.005643
0.005592
0.005559
0.005543
0.000000
0.000000
0.007102
0.007136
0.007184
0.007244
0.007315
0.007394
0.007480
0.007570
0.007663
0.007758
0.007853
0.007948
0.008040
0.008130
0.008215
0.008295
0.008367
0.008431
0.008485
0.008527
0.008559
0.008578
0.008586
0.008581
0.008563
0.008533
0.008491
0.008438
0.008374
0.008300
0.008215
0.008119
0.008014
0.007898
0.007775
0.007644
0.007507
0.007364
0.007216
0.007066
0.006916
0.006767
0.006620
0.006477
0.006340
0.006209
0.006086
0.005972
0.005868
0.005776
0.005698
0.005633
0.005585
0.005554
0.005541
0.000000
0.000000
0.007093
0.007126
0.007174
0.007236
0.007308
0.007390
0.007478
0.007571
0.007667
0.007765
0.007862
0.007958
0.008052
0.008142
0.008227
0.008307
0.008380
0.008445
0.008500
0.008545
0.008579
0.008601
0.008611
0.008610
0.008597
0.008572
0.008535
0.008487
0.008428
0.008360
0.008281
0.008192
0.008094
0.007985
0.007869
0.007745
0.007614
0.007476
0.007333
0.007187
0.007039
0.006890
0.006743
0.006599
0.006458
0.006322
0.006193
0.006071
0.005958
0.005856
0.005765
0.005688
0.005626
0.005580
0.005553
0.005544
0.000000
0.000000
0.007087
0.007119
0.007167
0.007228
0.007302
0.007385
0.007476
0.007572
0.007671
0.007771
0.007870
0.007968
0.008063
0.008154
0.008239
0.008319
0.008392
0.008458
0.008514
0.008561
0.008596
0.008621
0.008634
0.008636
0.008627
0.008607
0.008575
0.008532
0.008478
0.008415
0.008342
0.008259
0.008167
0.008065
0.007955
0.007838
0.007713
0.007582
0.007444
0.007303
0.007158
0.007012
0.006866
0.006721
0.006578
0.006439
0.006305
0.006177
0.006056
0.005945
0.005843
0.005755
0.005680
0.005621
0.005579
0.005555
0.005552
0.000000
0.000000
0.007085
0.007116
0.007162
0.007223
0.007297
0.007381
0.007474
0.007572
0.007673
0.007775
0.007877
0.007977
0.008073
0.008165
0.008252
0.008332
0.008405
0.008470
0.008527
0.008574
0.008611
0.008638
0.008653
0.008658
0.008653
0.008637
0.008610
0.008572
0.008524
0.008466
0.008398
0.008320
0.008233
0.008138
0.008034
0.007923
0.007805
0.007680
0.007548
0.007412
0.007272
0.007130
0.006986
0.006842
0.006699
0.006558
0.006421
0.006288
0.006161
0.006042
0.005932
0.005833
0.005746
0.005675
0.005619
0.005582
0.005563
0.005564
0.000000
0.000000
0.007087
0.007117
0.007162
0.007222
0.007296
0.007380
0.007473
0.007572
0.007675
0.007779
0.007883
0.007985
0.008083
0.008176
0.008263
0.008343
0.008416
0.008481
0.008538
0.008586
0.008624
0.008652
0.008669
0.008676
0.008674
0.008662
0.008639
0.008607
0.008564
0.008511
0.008448
0.008375
0.008294
0.008203
0.008105
0.008000
0.007888
0.007769
0.007644
0.007514
0.007379
0.007241
0.007101
0.006959
0.006818
0.006677
0.006538
0.006402
0.006271
0.006146
0.006028
0.005921
0.005824
0.005741
0.005673
0.005622
0.005589
0.005576
0.005582
0.000000
0.000000
0.007096
0.007124
0.007168
0.007226
0.007298
0.007382
0.007474
0.007574
0.007678
0.007783
0.007888
0.007991
0.008090
0.008184
0.008272
0.008353
0.008426
0.008491
0.008547
0.008595
0.008633
0.008662
0.008681
0.008690
0.008690
0.008681
0.008663
0.008635
0.008597
0.008550
0.008492
0.008424
0.008347
0.008262
0.008169
0.008069
0.007962
0.007850
0.007731
0.007607
0.007478
0.007345
0.007209
0.007071
0.006932
0.006792
0.006653
0.006517
0.006383
0.006254
0.006131
0.006016
0.005912
0.005819
0.005740
0.005676
0.005631
0.005603
0.005595
0.005607
0.000000
0.000000
0.007110
0.007136
0.007178
0.007235
0.007305
0.007387
0.007479
0.007578
0.007682
0.007788
0.007894
0.007997
0.008097
0.008192
0.008280
0.008361
0.008434
0.008499
0.008555
0.008602
0.008641
0.008670
0.008690
0.008700
0.008702
0.008695
0.008680
0.008656
0.008624
0.008581
0.008528
0.008466
0.008394
0.008313
0.008224
0.008129
0.008028
0.007921
0.007809
0.007691
0.007568
0.007441
0.007310
0.007177
0.007041
0.006904
0.006767
0.006630
0.006495
0.006364
0.006237
0.006117
0.006006
0.005905
0.005817
0.005743
0.005685
0.005644
0.005622
0.005620
0.005639
0.000000
0.000000
0.007129
0.007154
0.007194
0.007249
0.007318
0.007398
0.007488
0.007586
0.007689
0.007795
0.007901
0.008005
0.008105
0.008200
0.008289
0.008370
0.008443
0.008507
0.008562
0.008609
0.008646
0.008675
0.008695
0.008706
0.008709
0.008703
0.008691
0.008670
0.008641
0.008604
0.008556
0.008499
0.008432
0.008356
0.008272
0.008181
0.008085
0.007983
0.007877
0.007765
0.007649
0.007528
0.007403
0.007275
0.007144
0.007011
0.006876
0.006741
0.006607
0.006475
0.006347
0.006223
0.006107
0.005999
0.005903
0.005819
0.005751
0.005698
0.005664
0.005648
0.005653
0.005677
0.000000
0.000000
0.007156
0.007180
0.007219
0.007272
0.007339
0.007418
0.007506
0.007602
0.007704
0.007808
0.007913
0.008017
0.008116
0.008211
0.008299
0.008379
0.008451
0.008515
0.008569
0.008614
0.008650
0.008678
0.008697
0.008708
0.008711
0.008706
0.008695
0.008676
0.008651
0.008617
0.008574
0.008522
0.008460
0.008389
0.008310
0.008223
0.008132
0.008035
0.007935
0.007829
0.007719
0.007605
0.007486
0.007364
0.007239
0.007111
0.006981
0.006849
0.006717
0.006586
0.006457
0.006333
0.006213
0.006101
0.005999
0.005907
0.005829
0.005767
0.005720
0.005692
0.005683
0.005693
0.005724
0.000000
0.000000
0.007201
0.007219
0.007257
0.007308
0.007373
0.007449
0.007535
0.007629
0.007728
0.007830
0.007933
0.008034
0.008132
0.008225
0.008312
0.008391
0.008461
0.008523
0.008576
0.008619
0.008654
0.008680
0.008697
0.008707
0.008709
0.008704
0.008693
0.008675
0.008652
0.008621
0.008582
0.008535
0.008478
0.008412
0.008337
0.008256
0.008169
0.008077
0.007982
0.007882
0.007779
0.007671
0.007559
0.007444
0.007325
0.007203
0.007078
0.006951
0.006823
0.006695
0.006568
0.006444
0.006323
0.006209
0.006102
0.006005
0.005920
0.005849
0.005793
0.005753
0.005732
0.005730
0.005747
0.005788
0.000000
0.000000
0.007272
0.007277
0.007308
0.007359
0.007420
0.007493
0.007576
0.007666
0.007761
0.007859
0.007959
0.008057
0.008152
0.008243
0.008327
0.008404
0.008472
0.008531
0.008582
0.008623
0.008655
0.008679
0.008694
0.008702
0.008703
0.008697
0.008685
0.008668
0.008645
0.008616
0.008580
0.008537
0.008485
0.008424
0.008354
0.008278
0.008195
0.008108
0.008018
0.007924
0.007826
0.007725
0.007620
0.007511
0.007399
0.007284
0.007166
0.007045
0.006922
0.006799
0.006675
0.006553
0.006433
0.006318
0.006210
0.006109
0.006020
0.005942
0.005878
0.005829
0.005798
0.005785
0.005790
0.005817
0.005874
0.000000
0.000000
0.007360
0.007352
0.007370
0.007414
0.007474
0.007543
0.007621
0.007707
0.007799
0.007893
0.007988
0.008083
0.008175
0.008262
0.008343
0.008416
0.008482
0.008538
0.008586
0.008624
0.008654
0.008675
0.008688
0.008694
0.008693
0.008686
0.008673
0.008655
0.008632
0.008604
0.008570
0.008529
0.008481
0.008424
0.008360
0.008288
0.008211
0.008129
0.008043
0.007954
0.007862
0.007767
0.007668
0.007566
0.007461
0.007353
0.007241
0.007127
0.007010
0.006892
0.006773
0.006655
0.006538
0.006424
0.006315
0.006214
0.006121
0.006038
0.005968
0.005912
0.005873
0.005850
0.005844
0.005860
0.005904
0.005978
0.000000
0.000000
0.007437
0.007431
0.007436
0.007466
0.007522
0.007590
0.007666
0.007748
0.007836
0.007927
0.008018
0.008109
0.008197
0.008280
0.008357
0.008427
0.008489
0.008542
0.008587
0.008622
0.008649
0.008667
0.008678
0.008682
0.008679
0.008671
0.008656
0.008637
0.008613
0.008585
0.008552
0.008513
0.008467
0.008415
0.008355
0.008288
0.008216
0.008138
0.008057
0.007973
0.007886
0.007797
0.007704
0.007607
0.007508
0.007407
0.007302
0.007195
0.007085
0.006973
0.006860
0.006746
0.006633
0.006522
0.006415
0.006313
0.006218
0.006132
0.006058
0.005995
0.005948
0.005916
0.005900
0.005904
0.005937
0.005998
0.006078
0.000000
0.000000
0.007485
0.007496
0.007503
0.007522
0.007565
0.007630
0.007706
0.007787
0.007871
0.007959
0.008047
0.008134
0.008218
0.008297
0.008370
0.008436
0.008494
0.008544
0.008584
0.008616
0.008640
0.008655
0.008663
0.008665
0.008661
0.008651
0.008635
0.008615
0.008589
0.008560
0.008527
0.008489
0.008445
0.008396
0.008340
0.008277
0.008210
0.008137
0.008061
0.007981
0.007899
0.007814
0.007726
0.007636
0.007542
0.007446
0.007348
0.007248
0.007145
0.007040
0.006933
0.006825
0.006717
0.006610
0.006505
0.006404
0.006309
0.006222
0.006144
0.006076
0.006022
0.005982
0.005956
0.005950
0.005970
0.006019
0.006086
0.006160
0.000000
0.000000
0.007516
0.007544
0.007571
0.007592
0.007622
0.007676
0.007749
0.007829
0.007911
0.007995
0.008079
0.008162
0.008241
0.008315
0.008384
0.008445
0.008498
0.008543
0.008580
0.008608
0.008627
0.008639
0.008644
0.008643
0.008637
0.008625
0.008609
0.008587
0.008561
0.008531
0.008496
0.008458
0.008415
0.008368
0.008315
0.008256
0.008193
0.008125
0.008053
0.007979
0.007901
0.007821
0.007738
0.007652
0.007563
0.007473
0.007380
0.007286
0.007190
0.007092
0.006992
0.006891
0.006789
0.006687
0.006587
0.006489
0.006396
0.006309
0.006229
0.006158
0.006099
0.006053
0.006020
0.006003
0.006013
0.006050
0.006106
0.006167
0.006236
0.000000
0.000000
0.007578
0.007601
0.007645
0.007684
0.007714
0.007752
0.007812
0.007887
0.007966
0.008045
0.008123
0.008200
0.008273
0.008341
0.008403
0.008458
0.008505
0.008544
0.008575
0.008598
0.008613
0.008621
0.008622
0.008618
0.008609
0.008595
0.008577
0.008554
0.008527
0.008495
0.008460
0.008421
0.008378
0.008332
0.008281
0.008225
0.008166
0.008102
0.008035
0.007964
0.007892
0.007816
0.007738
0.007657
0.007573
0.007487
0.007400
0.007311
0.007221
0.007130
0.007038
0.006944
0.006849
0.006754
0.006660
0.006568
0.006478
0.006394
0.006316
0.006245
0.006184
0.006135
0.006098
0.006075
0.006076
0.006105
0.006152
0.006202
0.006259
0.006340
0.000000
0.000000
0.007717
0.007706
0.007744
0.007798
0.007844
0.007878
0.007917
0.007975
0.008046
0.008119
0.008188
0.008255
0.008320
0.008379
0.008432
0.008479
0.008518
0.008549
0.008573
0.008589
0.008598
0.008600
0.008597
0.008589
0.008577
0.008561
0.008540
0.008516
0.008487
0.008454
0.008418
0.008378
0.008335
0.008288
0.008239
0.008185
0.008128
0.008068
0.008005
0.007939
0.007870
0.007799
0.007726
0.007650
0.007571
0.007490
0.007407
0.007324
0.007240
0.007155
0.007070
0.006984
0.006897
0.006811
0.006724
0.006639
0.006556
0.006477
0.006404
0.006336
0.006278
0.006230
0.006192
0.006167
0.006165
0.006189
0.006231
0.006274
0.006322
0.006392
0.006508
0.000000
0.000000
0.007951
0.007891
0.007893
0.007939
0.007999
0.008045
0.008075
0.008109
0.008160
0.008220
0.008279
0.008334
0.008386
0.008433
0.008475
0.008511
0.008539
0.008561
0.008575
0.008583
0.008584
0.008579
0.008570
0.008557
0.008541
0.008521
0.008499
0.008472
0.008442
0.008407
0.008369
0.008327
0.008283
0.008237
0.008188
0.008136
0.008082
0.008024
0.007964
0.007901
0.007837
0.007770
0.007702
0.007631
0.007557
0.007481
0.007403
0.007324
0.007245
0.007166
0.007088
0.007010
0.006932
0.006854
0.006777
0.006701
0.006627
0.006556
0.006489
0.006429
0.006376
0.006332
0.006298
0.006275
0.006274
0.006298
0.006338
0.006379
0.006421
0.006485
0.006593
0.006756
0.000000
0.000000
0.008275
0.008165
0.008113
0.008122
0.008172
0.008230
0.008270
0.008292
0.008315
0.008352
0.008396
0.008437
0.008473
0.008505
0.008533
0.008555
0.008570
0.008580
0.008582
0.008579
0.008571
0.008558
0.008542
0.008522
0.008501
0.008478
0.008452
0.008423
0.008390
0.008353
0.008312
0.008269
0.008224
0.008178
0.008129
0.008078
0.008025
0.007970
0.007912
0.007852
0.007791
0.007728
0.007664
0.007599
0.007531
0.007460
0.007387
0.007312
0.007238
0.007164
0.007092
0.007021
0.006951
0.006882
0.006815
0.006749
0.006685
0.006624
0.006567
0.006516
0.006471
0.006435
0.006408
0.006391
0.006393
0.006421
0.006463
0.006505
0.006546
0.006606
0.006709
0.006868
0.007081
0.000000
0.000000
0.008670
0.008518
0.008413
0.008366
0.008376
0.008424
0.008476
0.008504
0.008512
0.008518
0.008537
0.008561
0.008581
0.008595
0.008605
0.008610
0.008610
0.008605
0.008594
0.008579
0.008559
0.008536
0.008511
0.008484
0.008457
0.008429
0.008400
0.008367
0.008332
0.008292
0.008249
0.008204
0.008158
0.008110
0.008062
0.008012
0.007960
0.007906
0.007850
0.007793
0.007734
0.007674
0.007614
0.007553
0.007490
0.007425
0.007358
0.007289
0.007218
0.007149
0.007081
0.007016
0.006953
0.006893
0.006835
0.006780
0.006727
0.006677
0.006631
0.006590
0.006556
0.006530
0.006512
0.006503
0.006513
0.006546
0.006594
0.006640
0.006682
0.006742
0.006843
0.007000
0.007212
0.007470
0.000000
0.000000
0.009122
0.008936
0.008786
0.008683
0.008635
0.008640
0.008680
0.008720
0.008732
0.008719
0.008705
0.008702
0.008703
0.008698
0.008689
0.008675
0.008658
0.008636
0.008610
0.008580
0.008547
0.008513
0.008477
0.008442
0.008408
0.008375
0.008341
0.008305
0.008266
0.008224
0.008179
0.008131
0.008083
0.008034
0.007985
0.007936
0.007885
0.007832
0.007778
0.007723
0.007666
0.007609
0.007552
0.007494
0.007436
0.007377
0.007315
0.007251
0.007186
0.007120
0.007057
0.006996
0.006939
0.006886
0.006836
0.006791
0.006749
0.006710
0.006676
0.006647
0.006625
0.006610
0.006602
0.006604
0.006623
0.006665
0.006721
0.006774
0.006821
0.006882
0.006985
0.007143
0.007356
0.007616
0.007914
0.000000
0.000000
0.009626
0.009410
0.009223
0.009071
0.008964
0.008908
0.008903
0.008929
0.008949
0.008939
0.008903
0.008865
0.008836
0.008812
0.008782
0.008748
0.008711
0.008671
0.008628
0.008582
0.008534
0.008487
0.008440
0.008396
0.008354
0.008314
0.008275
0.008236
0.008194
0.008148
0.008100
0.008051
0.008001
0.007951
0.007901
0.007851
0.007800
0.007749
0.007696
0.007643
0.007588
0.007533
0.007478
0.007423
0.007368
0.007314
0.007258
0.007200
0.007140
0.007079
0.007019
0.006961
0.006908
0.006860
0.006817
0.006780
0.006748
0.006721
0.006699
0.006682
0.006671
0.006668
0.006673
0.006686
0.006716
0.006769
0.006836
0.006898
0.006952
0.007019
0.007126
0.007288
0.007505
0.007769
0.008072
0.008409
0.000000
0.000000
0.010186
0.009939
0.009717
0.009523
0.009363
0.009244
0.009175
0.009152
0.009157
0.009154
0.009117
0.009054
0.008988
0.008933
0.008882
0.008827
0.008768
0.008708
0.008646
0.008583
0.008520
0.008458
0.008399
0.008344
0.008293
0.008247
0.008203
0.008159
0.008113
0.008065
0.008014
0.007962
0.007910
0.007859
0.007809
0.007758
0.007708
0.007657
0.007605
0.007553
0.007501
0.007448
0.007395
0.007342
0.007290
0.007238
0.007186
0.007134
0.007080
0.007024
0.006968
0.006913
0.006863
0.006818
0.006779
0.006749
0.006725
0.006707
0.006696
0.006691
0.006692
0.006702
0.006719
0.006745
0.006787
0.006853
0.006932
0.007006
0.007070
0.007145
0.007260
0.007429
0.007652
0.007923
0.008235
0.008582
0.008960
0.000000
0.000000
0.010807
0.010526
0.010267
0.010033
0.009826
0.009651
0.009513
0.009422
0.009377
0.009355
0.009323
0.009256
0.009163
0.009068
0.008985
0.008908
0.008828
0.008746
0.008664
0.008583
0.008502
0.008425
0.008352
0.008286
0.008226
0.008172
0.008123
0.008074
0.008025
0.007973
0.007920
0.007866
0.007812
0.007760
0.007709
0.007659
0.007608
0.007557
0.007506
0.007455
0.007404
0.007354
0.007303
0.007252
0.007201
0.007151
0.007102
0.007054
0.007005
0.006955
0.006904
0.006853
0.006804
0.006761
0.006725
0.006698
0.006679
0.006670
0.006668
0.006673
0.006687
0.006709
0.006738
0.006777
0.006832
0.006911
0.007004
0.007091
0.007168
0.007254
0.007378
0.007557
0.007791
0.008072
0.008394
0.008754
0.009148
0.009571
0.000000
0.000000
0.011500
0.011177
0.010876
0.010599
0.010345
0.010119
0.009921
0.009758
0.009640
0.009565
0.009513
0.009449
0.009349
0.009225
0.009102
0.008992
0.008889
0.008785
0.008681
0.008580
0.008481
0.008387
0.008300
0.008222
0.008152
0.008091
0.008035
0.007982
0.007929
0.007874
0.007818
0.007762
0.007707
0.007654
0.007602
0.007552
0.007501
0.007450
0.007399
0.007349
0.007300
0.007251
0.007203
0.007154
0.007105
0.007056
0.007009
0.006963
0.006918
0.006873
0.006828
0.006781
0.006735
0.006693
0.006658
0.006631
0.006615
0.006610
0.006616
0.006631
0.006655
0.006688
0.006730
0.006781
0.006849
0.006942
0.007049
0.007151
0.007242
0.007340
0.007477
0.007668
0.007913
0.008207
0.008543
0.008918
0.009330
0.009776
0.010253
0.000000
0.000000
0.012276
0.011903
0.011553
0.011226
0.010922
0.010642
0.010388
0.010160
0.009966
0.009815
0.009708
0.009622
0.009523
0.009391
0.009237
0.009085
0.008949
0.008823
0.008698
0.008575
0.008457
0.008346
0.008244
0.008152
0.008072
0.008002
0.007941
0.007883
0.007826
0.007768
0.007709
0.007650
0.007594
0.007540
0.007489
0.007438
0.007388
0.007337
0.007287
0.007237
0.007189
0.007142
0.007095
0.007049
0.007002
0.006955
0.006908
0.006863
0.006820
0.006779
0.006739
0.006698
0.006656
0.006616
0.006580
0.006553
0.006537
0.006533
0.006543
0.006564
0.006597
0.006641
0.006694
0.006757
0.006838
0.006944
0.007065
0.007182
0.007287
0.007399
0.007549
0.007753
0.008014
0.008322
0.008673
0.009066
0.009498
0.009970
0.010477
0.011017
0.000000
0.000000
0.013146
0.012717
0.012309
0.011924
0.011562
0.011223
0.010909
0.010620
0.010355
0.010124
0.009938
0.009795
0.009674
0.009541
0.009378
0.009195
0.009018
0.008859
0.008711
0.008568
0.008429
0.008300
0.008182
0.008076
0.007985
0.007907
0.007839
0.007777
0.007716
0.007655
0.007593
0.007532
0.007475
0.007421
0.007369
0.007319
0.007270
0.007219
0.007170
0.007120
0.007073
0.007027
0.006982
0.006938
0.006893
0.006848
0.006803
0.006759
0.006716
0.006677
0.006639
0.006603
0.006567
0.006530
0.006496
0.006468
0.006449
0.006444
0.006454
0.006478
0.006517
0.006569
0.006631
0.006705
0.006797
0.006915
0.007050
0.007181
0.007301
0.007427
0.007590
0.007810
0.008086
0.008412
0.008780
0.009191
0.009646
0.010144
0.010684
0.011261
0.011872
0.000000
0.000000
0.014131
0.013633
0.013157
0.012705
0.012275
0.011868
0.011487
0.011132
0.010800
0.010493
0.010223
0.009999
0.009820
0.009664
0.009500
0.009308
0.009100
0.008901
0.008722
0.008557
0.008399
0.008250
0.008115
0.007996
0.007893
0.007807
0.007732
0.007665
0.007601
0.007536
0.007471
0.007408
0.007349
0.007295
0.007244
0.007195
0.007146
0.007097
0.007049
0.007000
0.006954
0.006908
0.006865
0.006822
0.006780
0.006738
0.006694
0.006651
0.006609
0.006569
0.006533
0.006499
0.006468
0.006437
0.006406
0.006378
0.006357
0.006348
0.006354
0.006377
0.006418
0.006475
0.006545
0.006628
0.006730
0.006859
0.007006
0.007149
0.007282
0.007423
0.007600
0.007834
0.008127
0.008471
0.008858
0.009289
0.009767
0.010294
0.010866
0.011484
0.012143
0.012839
0.000000
0.000000
0.015246
0.014668
0.014109
0.013576
0.013068
0.012584
0.012126
0.011697
0.011294
0.010915
0.010564
0.010254
0.009993
0.009779
0.009592
0.009398
0.009182
0.008954
0.008736
0.008542
0.008364
0.008197
0.008044
0.007910
0.007796
0.007701
0.007621
0.007549
0.007480
0.007412
0.007344
0.007279
0.007220
0.007165
0.007115
0.007067
0.007019
0.006972
0.006925
0.006878
0.006832
0.006788
0.006746
0.006704
0.006664
0.006624
0.006583
0.006542
0.006500
0.006460
0.006423
0.006391
0.006362
0.006335
0.006310
0.006285
0.006263
0.006250
0.006251
0.006269
0.006307
0.006365
0.006439
0.006528
0.006639
0.006777
0.006933
0.007088
0.007233
0.007386
0.007577
0.007825
0.008134
0.008495
0.008903
0.009355
0.009855
0.010409
0.011016
0.011673
0.012381
0.013138
0.013933
0.000000
0.000000
0.016513
0.015838
0.015180
0.014549
0.013949
0.013376
0.012831
0.012318
0.011836
0.011381
0.010955
0.010562
0.010214
0.009918
0.009673
0.009457
0.009240
0.009005
0.008761
0.008530
0.008324
0.008139
0.007970
0.007821
0.007695
0.007591
0.007505
0.007429
0.007357
0.007285
0.007214
0.007147
0.007086
0.007032
0.006982
0.006935
0.006890
0.006844
0.006799
0.006754
0.006710
0.006668
0.006626
0.006586
0.006547
0.006509
0.006470
0.006431
0.006392
0.006352
0.006315
0.006281
0.006252
0.006229
0.006208
0.006188
0.006170
0.006155
0.006150
0.006160
0.006192
0.006245
0.006319
0.006412
0.006528
0.006673
0.006836
0.006999
0.007154
0.007319
0.007523
0.007784
0.008107
0.008485
0.008912
0.009384
0.009907
0.010485
0.011122
0.011818
0.012573
0.013391
0.014264
0.015176
0.000000
0.000000
0.017966
0.017165
0.016389
0.015640
0.014926
0.014249
0.013605
0.012996
0.012424
0.011887
0.011384
0.010913
0.010483
0.010102
0.009777
0.009505
0.009266
0.009031
0.008782
0.008527
0.008287
0.008076
0.007891
0.007729
0.007591
0.007478
0.007386
0.007306
0.007231
0.007156
0.007082
0.007012
0.006950
0.006896
0.006847
0.006802
0.006758
0.006715
0.006672
0.006630
0.006588
0.006548
0.006508
0.006470
0.006432
0.006395
0.006358
0.006321
0.006284
0.006246
0.006209
0.006175
0.006145
0.006121
0.006102
0.006088
0.006075
0.006062
0.006055
0.006058
0.006079
0.006124
0.006192
0.006283
0.006402
0.006551
0.006720
0.006889
0.007051
0.007226
0.007441
0.007714
0.008048
0.008440
0.008883
0.009374
0.009917
0.010518
0.011183
0.011913
0.012713
0.013586
0.014532
0.015540
0.016602
0.000000
0.000000
0.019659
0.018690
0.017760
0.016869
0.016018
0.015212
0.014451
0.013733
0.013059
0.012430
0.011843
0.011296
0.010789
0.010329
0.009922
0.009573
0.009280
0.009025
0.008778
0.008520
0.008260
0.008018
0.007809
0.007632
0.007484
0.007364
0.007266
0.007183
0.007104
0.007026
0.006949
0.006878
0.006814
0.006760
0.006712
0.006668
0.006626
0.006586
0.006546
0.006507
0.006468
0.006430
0.006392
0.006356
0.006320
0.006285
0.006250
0.006214
0.006179
0.006143
0.006108
0.006074
0.006043
0.006017
0.005998
0.005985
0.005978
0.005971
0.005966
0.005965
0.005977
0.006010
0.006067
0.006151
0.006267
0.006418
0.006589
0.006762
0.006929
0.007111
0.007335
0.007617
0.007962
0.008364
0.008819
0.009325
0.009886
0.010506
0.011194
0.011956
0.012794
0.013718
0.014730
0.015827
0.017008
0.018263
0.000000
0.000000
0.021689
0.020481
0.019333
0.018256
0.017239
0.016279
0.015377
0.014533
0.013745
0.013012
0.012332
0.011702
0.011121
0.010588
0.010107
0.009680
0.009314
0.009008
0.008743
0.008490
0.008229
0.007969
0.007732
0.007534
0.007376
0.007248
0.007146
0.007060
0.006979
0.006898
0.006818
0.006744
0.006680
0.006625
0.006578
0.006535
0.006495
0.006457
0.006421
0.006385
0.006350
0.006315
0.006280
0.006246
0.006213
0.006179
0.006146
0.006112
0.006078
0.006044
0.006011
0.005978
0.005948
0.005921
0.005899
0.005886
0.005881
0.005880
0.005881
0.005882
0.005889
0.005911
0.005953
0.006025
0.006133
0.006279
0.006450
0.006624
0.006794
0.006980
0.007210
0.007501
0.007853
0.008262
0.008725
0.009242
0.009816
0.010453
0.011159
0.011945
0.012816
0.013783
0.014852
0.016028
0.017318
0.018732
0.020252
0.000000
0.000000
0.024179
0.022639
0.021185
0.019839
0.018604
0.017459
0.016391
0.015399
0.014482
0.013634
0.012853
0.012133
0.011473
0.010869
0.010320
0.009825
0.009386
0.009012
0.008699
0.008430
0.008175
0.007918
0.007666
0.007444
0.007267
0.007132
0.007027
0.006939
0.006856
0.006773
0.006690
0.006614
0.006548
0.006493
0.006447
0.006405
0.006367
0.006332
0.006299
0.006267
0.006235
0.006204
0.006173
0.006142
0.006111
0.006080
0.006049
0.006017
0.005985
0.005952
0.005920
0.005890
0.005860
0.005834
0.005812
0.005796
0.005789
0.005791
0.005798
0.005806
0.005815
0.005830
0.005859
0.005913
0.006007
0.006144
0.006309
0.006481
0.006652
0.006841
0.007074
0.007369
0.007727
0.008141
0.008609
0.009132
0.009715
0.010363
0.011084
0.011886
0.012780
0.013778
0.014893
0.016134
0.017520
0.019078
0.020809
0.022688
0.000000
0.000000
0.027234
0.025270
0.023407
0.021691
0.020148
0.018763
0.017498
0.016335
0.015270
0.014296
0.013405
0.012589
0.011845
0.011168
0.010554
0.009997
0.009496
0.009053
0.008677
0.008364
0.008096
0.007846
0.007600
0.007366
0.007168
0.007019
0.006910
0.006821
0.006737
0.006651
0.006567
0.006488
0.006422
0.006367
0.006320
0.006280
0.006244
0.006211
0.006181
0.006153
0.006125
0.006098
0.006071
0.006045
0.006017
0.005989
0.005960
0.005930
0.005899
0.005869
0.005839
0.005809
0.005782
0.005757
0.005735
0.005718
0.005709
0.005708
0.005718
0.005733
0.005750
0.005766
0.005787
0.005826
0.005901
0.006021
0.006175
0.006340
0.006509
0.006698
0.006932
0.007230
0.007590
0.008008
0.008478
0.009003
0.009590
0.010245
0.010974
0.011786
0.012693
0.013712
0.014857
0.016145
0.017604
0.019278
0.021197
0.023343
0.025680
0.000000
0.000000
0.031037
0.028470
0.026080
0.023888
0.021931
0.020215
0.018702
0.017342
0.016109
0.014993
0.013985
0.013070
0.012238
0.011484
0.010804
0.010189
0.009633
0.009133
0.008694
0.008322
0.008014
0.007754
0.007516
0.007289
0.007083
0.006918
0.006798
0.006708
0.006624
0.006537
0.006450
0.006370
0.006302
0.006247
0.006201
0.006162
0.006127
0.006096
0.006069
0.006044
0.006021
0.005999
0.005976
0.005954
0.005931
0.005906
0.005880
0.005852
0.005824
0.005796
0.005767
0.005739
0.005713
0.005690
0.005670
0.005654
0.005643
0.005640
0.005647
0.005664
0.005688
0.005713
0.005736
0.005766
0.005823
0.005922
0.006057
0.006210
0.006372
0.006558
0.006792
0.007088
0.007449
0.007868
0.008339
0.008864
0.009451
0.010107
0.010839
0.011654
0.012565
0.013593
0.014754
0.016069
0.017574
0.019329
0.021387
0.023762
0.026439
0.029419
0.000000
0.000000
0.036187
0.032495
0.029282
0.026478
0.024011
0.021863
0.020018
0.018417
0.016998
0.015726
0.014589
0.013569
0.012649
0.011818
0.011071
0.010399
0.009791
0.009242
0.008750
0.008321
0.007959
0.007662
0.007415
0.007198
0.007002
0.006833
0.006701
0.006602
0.006517
0.006430
0.006341
0.006259
0.006191
0.006137
0.006091
0.006052
0.006019
0.005990
0.005966
0.005944
0.005925
0.005907
0.005889
0.005871
0.005853
0.005832
0.005810
0.005785
0.005760
0.005733
0.005707
0.005681
0.005657
0.005635
0.005616
0.005602
0.005592
0.005588
0.005592
0.005606
0.005633
0.005666
0.005698
0.005730
0.005777
0.005856
0.005967
0.006099
0.006248
0.006428
0.006657
0.006951
0.007310
0.007727
0.008197
0.008721
0.009305
0.009957
0.010686
0.011499
0.012408
0.013433
0.014596
0.015918
0.017442
0.019240
0.021385
0.023915
0.026874
0.030358
0.034483
0.000000
0.000000
0.043227
0.037858
0.033252
0.029508
0.026399
0.023739
0.021478
0.019567
0.017929
0.016492
0.015217
0.014084
0.013073
0.012166
0.011352
0.010623
0.009967
0.009373
0.008838
0.008361
0.007947
0.007599
0.007319
0.007095
0.006911
0.006754
0.006622
0.006514
0.006421
0.006331
0.006242
0.006159
0.006091
0.006037
0.005992
0.005954
0.005921
0.005894
0.005872
0.005853
0.005837
0.005823
0.005810
0.005797
0.005784
0.005768
0.005750
0.005730
0.005707
0.005683
0.005659
0.005635
0.005613
0.005593
0.005576
0.005563
0.005555
0.005552
0.005555
0.005566
0.005589
0.005624
0.005665
0.005708
0.005759
0.005825
0.005912
0.006019
0.006147
0.006314
0.006536
0.006825
0.007179
0.007592
0.008059
0.008579
0.009157
0.009801
0.010522
0.011328
0.012229
0.013246
0.014398
0.015711
0.017229
0.019028
0.021198
0.023810
0.026942
0.030793
0.035605
0.041421
0.000000
0.000000
0.053238
0.044702
0.038343
0.033150
0.029100
0.025826
0.023088
0.020806
0.018900
0.017277
0.015863
0.014614
0.013507
0.012523
0.011645
0.010860
0.010157
0.009523
0.008950
0.008436
0.007978
0.007583
0.007255
0.007000
0.006810
0.006668
0.006551
0.006446
0.006344
0.006246
0.006153
0.006071
0.006003
0.005948
0.005904
0.005867
0.005835
0.005810
0.005789
0.005773
0.005760
0.005750
0.005741
0.005733
0.005725
0.005714
0.005701
0.005685
0.005667
0.005646
0.005624
0.005603
0.005583
0.005565
0.005550
0.005538
0.005532
0.005531
0.005535
0.005546
0.005565
0.005596
0.005639
0.005693
0.005755
0.005824
0.005898
0.005979
0.006080
0.006225
0.006434
0.006714
0.007060
0.007467
0.007927
0.008441
0.009011
0.009645
0.010353
0.011146
0.012036
0.013038
0.014172
0.015463
0.016953
0.018719
0.020858
0.023465
0.026648
0.030669
0.035904
0.042401
0.051372
0.000000
0.000000
0.068105
0.053634
0.044448
0.037573
0.032155
0.028061
0.024799
0.022115
0.019910
0.018076
0.016512
0.015151
0.013950
0.012888
0.011947
0.011109
0.010360
0.009688
0.009082
0.008536
0.008046
0.007611
0.007240
0.006941
0.006723
0.006577
0.006476
0.006387
0.006288
0.006181
0.006079
0.005994
0.005927
0.005874
0.005830
0.005794
0.005763
0.005739
0.005720
0.005706
0.005696
0.005688
0.005684
0.005680
0.005676
0.005671
0.005663
0.005652
0.005638
0.005621
0.005603
0.005585
0.005567
0.005551
0.005538
0.005529
0.005525
0.005525
0.005531
0.005543
0.005562
0.005589
0.005628
0.005683
0.005757
0.005838
0.005914
0.005981
0.006056
0.006173
0.006359
0.006623
0.006960
0.007357
0.007808
0.008312
0.008871
0.009493
0.010186
0.010961
0.011831
0.012813
0.013924
0.015184
0.016634
0.018339
0.020400
0.022926
0.026029
0.029980
0.035298
0.042199
0.051492
0.065655
0.000000
0.000000
0.085250
0.065273
0.052036
0.042500
0.035548
0.030380
0.026536
0.023450
0.020933
0.018875
0.017157
0.015680
0.014392
0.013258
0.012254
0.011366
0.010574
0.009865
0.009230
0.008657
0.008140
0.007677
0.007271
0.006932
0.006674
0.006502
0.006399
0.006326
0.006243
0.006139
0.006028
0.005935
0.005865
0.005814
0.005771
0.005735
0.005705
0.005682
0.005665
0.005653
0.005644
0.005640
0.005638
0.005639
0.005639
0.005638
0.005636
0.005630
0.005621
0.005609
0.005595
0.005580
0.005565
0.005552
0.005541
0.005535
0.005532
0.005535
0.005542
0.005556
0.005577
0.005604
0.005638
0.005689
0.005764
0.005857
0.005946
0.006016
0.006078
0.006167
0.006323
0.006562
0.006881
0.007265
0.007704
0.008195
0.008741
0.009347
0.010022
0.010776
0.011621
0.012576
0.013653
0.014876
0.016279
0.017912
0.019868
0.022264
0.025209
0.028891
0.033870
0.040645
0.050084
0.063682
0.077977
0.000000
0.000000
0.000000
0.000000
0.000000
0.000000
0.000000
0.000000
0.000000
0.000000
0.000000
0.000000
0.000000
0.000000
0.000000
0.000000
0.000000
0.000000
0.000000
0.000000
0.000000
0.000000
0.000000
0.000000
0.000000
0.000000
0.000000
0.000000
0.000000
0.000000
0.000000
0.000000
0.000000
0.000000
0.000000
0.000000
0.000000
0.000000
0.000000
0.000000
0.000000
0.000000
0.000000
0.000000
0.000000
0.000000
0.000000
0.000000
0.000000
0.000000
0.000000
0.000000
0.000000
0.000000
0.000000
0.000000
0.000000
0.000000
0.000000
0.000000
0.000000
0.000000
0.000000
0.000000
0.000000
0.000000
0.000000
0.000000
0.000000
0.000000
0.000000
0.000000
0.000000
0.000000
0.000000
0.000000
0.000000
0.000000
0.000000
0.000000
0.000000
0.000000
0.000000
0.000000
0.000000
0.000000
0.000000
0.000000
0.000000
0.000000
0.000000
0.000000
0.000000
0.000000
0.000000
0.000000
0.000000
0.000000
0.000000
